-6.460546702146530151e-02 1.120590806007385254e+00 -5.276988819241523743e-02 -4.570987448096275330e-02 -1.980269141495227814e-02 -1.373104751110076904e-01 -9.429591149091720581e-02 -2.345528900623321533e-01 -6.667815893888473511e-02 -3.707570955157279968e-02 4.755812287330627441e-01 1.570653729140758514e-02 1.404371023178100586e+00 -8.658844232559204102e-02 1.440577268600463867e+00 1.376698851585388184e+00
-7.129122316837310791e-02 1.128550529479980469e+00 -5.397690460085868835e-02 -4.635705053806304932e-02 -1.482554525136947632e-02 -1.353971660137176514e-01 -9.534559398889541626e-02 -2.258910685777664185e-01 -6.782414764165878296e-02 -5.756848491728305817e-03 4.960367679595947266e-01 4.133039712905883789e-02 1.391164898872375488e+00 -9.266530722379684448e-02 1.458567500114440918e+00 1.450734496116638184e+00
-6.696127355098724365e-02 1.124900460243225098e+00 -5.446717888116836548e-02 -4.940181225538253784e-02 -2.266023680567741394e-02 -1.392989605665206909e-01 -9.371560066938400269e-02 -2.316950410604476929e-01 -5.654880404472351074e-02 -2.258156798779964447e-02 5.164516568183898926e-01 4.313506186008453369e-02 1.379672527313232422e+00 -9.643583744764328003e-02 1.431975841522216797e+00 1.390330553054809570e+00
-6.385671347379684448e-02 1.174018740653991699e+00 -6.235660240054130554e-02 -5.117911100387573242e-02 -1.152719650417566299e-02 -1.350297331809997559e-01 -9.436027705669403076e-02 -2.266589850187301636e-01 -6.365565955638885498e-02 -9.747715666890144348e-03 5.252422094345092773e-01 2.242697030305862427e-02 1.407140612602233887e+00 -1.075021848082542419e-01 1.463740944862365723e+00 1.447551846504211426e+00
-6.930787116289138794e-02 1.138968229293823242e+00 -5.179663375020027161e-02 -4.913344234228134155e-02 -1.507554482668638229e-02 -1.343955248594284058e-01 -9.160862118005752563e-02 -2.277361452579498291e-01 -6.836020946502685547e-02 3.918414190411567688e-02 4.915417432785034180e-01 2.668229863047599792e-02 1.382748007774353027e+00 -8.865537494421005249e-02 1.426653861999511719e+00 1.441620588302612305e+00
-6.817340850830078125e-02 1.138428092002868652e+00 -5.221341177821159363e-02 -4.643010720610618591e-02 -1.569076441228389740e-02 -1.322439163923263550e-01 -8.533936738967895508e-02 -2.231591045856475830e-01 -6.381552666425704956e-02 -1.186997722834348679e-02 4.951463341712951660e-01 3.990637511014938354e-02 1.416808128356933594e+00 -9.378459304571151733e-02 1.420170426368713379e+00 1.435908913612365723e+00
-6.577264517545700073e-02 1.156685113906860352e+00 -5.309900641441345215e-02 -5.076261982321739197e-02 -1.786152645945549011e-02 -1.376534253358840942e-01 -9.492398053407669067e-02 -2.313002198934555054e-01 -5.645046383142471313e-02 -1.209614984691143036e-02 5.069556236267089844e-01 3.345337510108947754e-02 1.366382122039794922e+00 -1.016084104776382446e-01 1.442342042922973633e+00 1.405132412910461426e+00
-6.593322008848190308e-02 1.117843747138977051e+00 -5.536012724041938782e-02 -4.889362305402755737e-02 -2.217253111302852631e-02 -1.358645260334014893e-01 -8.609589934349060059e-02 -2.321129888296127319e-01 -6.030437350273132324e-02 -2.180165052413940430e-02 5.113473534584045410e-01 3.476396948099136353e-02 1.372587442398071289e+00 -9.614651650190353394e-02 1.425048112869262695e+00 1.402416467666625977e+00
-6.273414939641952515e-02 1.154379367828369141e+00 -5.740864947438240051e-02 -5.084577202796936035e-02 -1.793630607426166534e-02 -1.312789767980575562e-01 -8.333160728216171265e-02 -2.284255474805831909e-01 -6.329319626092910767e-02 -8.916652761399745941e-03 5.255429744720458984e-01 1.735806837677955627e-02 1.389818310737609863e+00 -9.991525858640670776e-02 1.415262103080749512e+00 1.425239682197570801e+00
-9.591757506132125854e-02 1.098188400268554688e+00 -1.699984967708587646e-01 1.323772072792053223e-01 2.855413407087326050e-02 -6.813681870698928833e-02 -5.733870435506105423e-03 -1.717799752950668335e-01 -4.875352606177330017e-02 -6.416015326976776123e-02 3.811174631118774414e-01 9.696809202432632446e-02 1.194465637207031250e+00 -4.019525647163391113e-02 1.514288306236267090e+00 1.278079032897949219e+00
1.677562713623046875e+00 5.502032041549682617e-01 -2.268026322126388550e-01 -4.228946194052696228e-02 -1.475416272878646851e-01 -6.797211617231369019e-02 -5.768668651580810547e-02 -2.037639170885086060e-01 -1.298018544912338257e-01 1.439819335937500000e-01 -2.410731613636016846e-01 -1.709352582693099976e-01 -3.689165040850639343e-02 2.015644550323486328e+00 -7.851087301969528198e-02 -3.595785424113273621e-02
1.904580593109130859e+00 9.716910719871520996e-01 -8.051653951406478882e-02 -5.271033197641372681e-02 -8.972552418708801270e-02 -6.611862778663635254e-02 -1.028331667184829712e-01 1.472074240446090698e-01 6.081911325454711914e-01 7.784219384193420410e-01 -2.193063348531723022e-01 -2.315305918455123901e-01 -7.889582961797714233e-02 2.523549318313598633e+00 -7.885312288999557495e-02 -1.868208497762680054e-01
2.881587028503417969e+00 1.018760323524475098e+00 3.824798762798309326e-02 -1.806259900331497192e-01 -1.731411367654800415e-01 -1.215575113892555237e-01 -1.209116578102111816e-01 4.303848147392272949e-01 9.928871989250183105e-01 1.942524075508117676e+00 -3.593680262565612793e-01 -3.086293637752532959e-01 -1.550048738718032837e-01 3.139876127243041992e+00 -1.246928498148918152e-01 -9.123336523771286011e-02
2.895655393600463867e+00 4.328031539916992188e-01 -3.272952511906623840e-02 -1.921897977590560913e-01 -1.379915773868560791e-01 -1.820483803749084473e-01 -6.616911268793046474e-04 1.277698278427124023e+00 1.953470945358276367e+00 4.661573410034179688e+00 -4.717018306255340576e-01 -3.785888254642486572e-01 -1.302263140678405762e-01 2.021773815155029297e+00 -2.075839042663574219e-01 -5.444264411926269531e-02
4.653738141059875488e-01 -1.542383134365081787e-01 -2.321903556585311890e-01 -5.427960306406021118e-02 -1.058731213561259210e-04 -1.148767396807670593e-01 3.190545320510864258e+00 1.669861555099487305e+00 1.125619649887084961e+00 2.353440821170806885e-01 -2.270581722259521484e-01 -2.851077318191528320e-01 -7.793352939188480377e-03 -1.751499809324741364e-02 -9.806182235479354858e-02 -3.403932601213455200e-02
5.683805793523788452e-04 -2.529661059379577637e-01 -6.762491073459386826e-03 -2.534812688827514648e-01 -5.521991848945617676e-02 -1.204072460532188416e-01 3.454422712326049805e+00 1.758722186088562012e+00 2.005699157714843750e+00 8.025793358683586121e-04 -3.771067038178443909e-02 -2.021602839231491089e-01 -1.526330481283366680e-03 -9.069388359785079956e-02 -9.811180084943771362e-02 -2.760536782443523407e-02
6.345427036285400391e-02 -3.233351111412048340e-01 1.392300605773925781e+00 -3.636380434036254883e-01 -6.308984011411666870e-02 -2.913609445095062256e-01 2.015717983245849609e+00 7.283262610435485840e-01 3.324606180191040039e+00 -1.431086510419845581e-01 -2.961332537233829498e-02 -2.211249172687530518e-01 5.882639884948730469e-01 8.571122288703918457e-01 -1.030295491218566895e-01 -1.346156150102615356e-01
-2.205567210912704468e-01 -1.738239973783493042e-01 2.967337131500244141e+00 -3.977048397064208984e-01 1.908857583999633789e+00 -1.858983188867568970e-01 1.079515293240547180e-01 -1.264589279890060425e-01 1.738978028297424316e+00 -1.130428463220596313e-01 1.536898851394653320e+00 -1.132987290620803833e-01 -1.051418408751487732e-01 -6.401928514242172241e-02 -1.001120954751968384e-01 -2.618630528450012207e-01
-3.996500670909881592e-01 -3.645693883299827576e-02 2.912701368331909180e+00 -3.548456132411956787e-01 3.746005773544311523e+00 -1.705303341150283813e-01 -1.035219952464103699e-01 -1.978167295455932617e-01 -3.221845021471381187e-03 -8.925294876098632812e-02 2.638412714004516602e+00 -3.383746743202209473e-01 -1.732273995876312256e-01 5.328966975212097168e-01 -2.322517484426498413e-01 -2.112015038728713989e-01
-1.401584148406982422e-01 5.476183891296386719e-01 2.607357025146484375e+00 -2.383142262697219849e-01 2.991602659225463867e+00 -1.400615721940994263e-01 -4.792524967342615128e-03 -9.902997314929962158e-02 -5.198292061686515808e-02 -3.194257733412086964e-04 1.893560647964477539e+00 -1.579279452562332153e-01 -2.417285889387130737e-01 5.397282242774963379e-01 -2.038251906633377075e-01 -1.268563121557235718e-01
-1.337756961584091187e-01 -1.008230373263359070e-01 -8.076921850442886353e-02 8.213980197906494141e-01 -4.770504529005847871e-05 1.050716280937194824e+00 1.268481314182281494e-01 7.312404513359069824e-01 -7.789619266986846924e-02 -2.633726000785827637e-01 -5.624992307275533676e-03 1.287167906761169434e+00 -9.602982550859451294e-02 -1.396129131317138672e-01 -6.445399671792984009e-02 -2.207547426223754883e-01
-1.144278328865766525e-02 -1.955160647630691528e-01 -6.064585968852043152e-02 1.189573526382446289e+00 -1.170005574822425842e-01 1.491448760032653809e+00 -6.100833043456077576e-02 8.851799964904785156e-01 -1.545424312353134155e-01 -9.968425333499908447e-02 -7.533559948205947876e-02 1.182731628417968750e+00 -1.857983618974685669e-01 -1.150586158037185669e-01 -1.515644490718841553e-01 -1.531323641538619995e-01
-3.617197647690773010e-02 -2.010956108570098877e-01 -7.376403361558914185e-02 1.259678125381469727e+00 -9.655826538801193237e-02 1.506029963493347168e+00 -7.828833907842636108e-02 9.110918641090393066e-01 -1.558191627264022827e-01 -9.868856519460678101e-02 -6.742178648710250854e-02 1.211855292320251465e+00 -1.919640004634857178e-01 -1.160090491175651550e-01 -1.544120162725448608e-01 -1.440942734479904175e-01
-4.442387819290161133e-02 -2.108387798070907593e-01 -6.315206736326217651e-02 1.218461632728576660e+00 -1.045606732368469238e-01 1.449767351150512695e+00 -7.028078287839889526e-02 8.831918239593505859e-01 -1.529670953750610352e-01 -9.205980598926544189e-02 -7.165867090225219727e-02 1.276583909988403320e+00 -1.955393403768539429e-01 -1.023680940270423889e-01 -1.472006291151046753e-01 -1.446547359228134155e-01
-4.173230007290840149e-02 -2.146349400281906128e-01 -8.205906301736831665e-02 1.265936017036437988e+00 -9.825310111045837402e-02 1.463526129722595215e+00 -7.845758646726608276e-02 9.053488373756408691e-01 -1.582033485174179077e-01 -6.830867379903793335e-02 -7.282841205596923828e-02 1.217062830924987793e+00 -1.961823552846908569e-01 -9.695953875780105591e-02 -1.566374599933624268e-01 -1.451511681079864502e-01
-3.148999810218811035e-02 -2.069652080535888672e-01 -6.421734392642974854e-02 1.244960784912109375e+00 -1.000036969780921936e-01 1.473015427589416504e+00 -7.290861755609512329e-02 9.120582938194274902e-01 -1.498673111200332642e-01 -1.049313917756080627e-01 -7.285214960575103760e-02 1.222662329673767090e+00 -1.961853504180908203e-01 -1.126086711883544922e-01 -1.542468667030334473e-01 -1.461161971092224121e-01
-3.198097273707389832e-02 -1.983488798141479492e-01 -7.736349105834960938e-02 1.224950432777404785e+00 -1.040472537279129028e-01 1.522831678390502930e+00 -7.526874542236328125e-02 9.222982525825500488e-01 -1.547469496726989746e-01 -1.007783338427543640e-01 -6.286251544952392578e-02 1.183150887489318848e+00 -1.817414313554763794e-01 -1.218265518546104431e-01 -1.526384949684143066e-01 -1.489108353853225708e-01
-3.268374502658843994e-02 -2.160733491182327271e-01 -5.651440843939781189e-02 1.225276589393615723e+00 -1.102170348167419434e-01 1.459320187568664551e+00 -7.088296860456466675e-02 8.931933045387268066e-01 -1.635517925024032593e-01 -7.165706902742385864e-02 -8.020183444023132324e-02 1.220398902893066406e+00 -1.911898404359817505e-01 -9.059867262840270996e-02 -1.483279913663864136e-01 -1.533589214086532593e-01
-1.612922921776771545e-02 -2.020868360996246338e-01 -5.934089049696922302e-02 1.194496870040893555e+00 -1.038589850068092346e-01 1.480205774307250977e+00 -6.446149200201034546e-02 8.887493610382080078e-01 -1.530795991420745850e-01 -1.218435689806938171e-01 -7.513543218374252319e-02 1.171055316925048828e+00 -1.943092197179794312e-01 -1.094393283128738403e-01 -1.559461951255798340e-01 -1.582929342985153198e-01
-4.976115003228187561e-02 -2.062619924545288086e-01 -7.129629701375961304e-02 1.241433620452880859e+00 -1.034772172570228577e-01 1.494291782379150391e+00 -7.539466023445129395e-02 9.020139575004577637e-01 -1.609413474798202515e-01 -6.738438457250595093e-02 -7.005479186773300171e-02 1.250728368759155273e+00 -1.919036954641342163e-01 -1.023699045181274414e-01 -1.489843577146530151e-01 -1.416923105716705322e-01
