4.975000321865081787e-01 -3.503507003188133240e-02 -1.111183091998100281e-01 4.658663272857666016e-01 -7.630459219217300415e-02 -6.461826618760824203e-03 -1.203951388597488403e-01 1.039517164230346680e+00 -3.748997300863265991e-02 5.391796231269836426e-01 7.777376472949981689e-02 2.964521944522857666e-01 -1.752901226282119751e-01 4.010153710842132568e-01 -1.701190173625946045e-01 1.024261489510536194e-01
6.619822382926940918e-01 7.388161867856979370e-02 -1.844771057367324829e-01 6.696257591247558594e-01 -9.722828119993209839e-02 1.975616514682769775e-01 -1.377400308847427368e-01 -1.686633797362446785e-03 1.647168099880218506e-01 4.085691571235656738e-01 1.701477915048599243e-01 7.616330981254577637e-01 -3.873494267463684082e-02 1.542752534151077271e-01 -7.051465660333633423e-02 -6.187774613499641418e-02
2.026131190359592438e-02 -2.458005957305431366e-02 -1.758747547864913940e-01 4.747137725353240967e-01 -1.291106790304183960e-01 2.082637548446655273e-01 8.028898239135742188e-01 1.560364663600921631e-01 -1.422086358070373535e-01 9.071359038352966309e-02 -1.611262559890747070e-01 5.112785696983337402e-01 -1.106446534395217896e-01 1.878211647272109985e-01 3.387478291988372803e-01 -5.248457193374633789e-02
1.010189652442932129e+00 7.345824837684631348e-01 -8.282811194658279419e-02 9.152956008911132812e-01 -9.515319019556045532e-02 -3.240414261817932129e-01 -1.490188986063003540e-01 3.408854305744171143e-01 -1.176429986953735352e-01 3.272849619388580322e-01 -8.204200863838195801e-02 7.546277642250061035e-01 -2.383287809789180756e-02 7.526869773864746094e-01 -2.026812285184860229e-01 -2.749147415161132812e-01
3.303176462650299072e-01 3.063196539878845215e-01 -2.249159365892410278e-01 7.455188781023025513e-02 2.487794160842895508e-01 -7.077657431364059448e-02 -9.546598047018051147e-02 -1.709931045770645142e-01 -1.308057010173797607e-01 -4.716106131672859192e-02 -1.089972183108329773e-01 1.435990810394287109e+00 7.863745689392089844e-01 -5.173750105313956738e-04 -7.618942111730575562e-02 -1.289002895355224609e-01
-1.548429578542709351e-01 1.714657187461853027e+00 3.052316904067993164e-01 -8.392234146595001221e-02 1.258848428726196289e+00 2.010623216629028320e-01 -3.511766716837882996e-02 -1.399886608123779297e-02 1.989906787872314453e+00 -1.179201006889343262e-01 -3.366436660289764404e-01 3.208137750625610352e-01 7.893510460853576660e-01 -2.576650679111480713e-01 -6.525836884975433350e-03 -1.948705911636352539e-01
-1.074244305491447449e-01 -1.267273277044296265e-01 1.324609041213989258e+00 -9.951914101839065552e-02 1.231445193290710449e+00 -1.007872223854064941e-01 1.805836200714111328e+00 -2.864575684070587158e-01 3.353199362754821777e-01 -2.897785007953643799e-01 -1.789137870073318481e-01 3.978372216224670410e-01 1.698012828826904297e+00 -3.949099779129028320e-02 1.679775953292846680e+00 4.710791110992431641e-01
-2.451069205999374390e-01 -2.349986284971237183e-01 9.386143088340759277e-01 4.545495212078094482e-01 -2.534359693527221680e-03 3.330898284912109375e-02 -1.272404342889785767e-01 9.105482101440429688e-01 5.166949629783630371e-01 9.841499328613281250e-01 1.109710574150085449e+00 -2.880060672760009766e-01 -7.137056440114974976e-02 1.200669854879379272e-01 2.476571351289749146e-01 -4.967469722032546997e-02
2.892875373363494873e-01 -9.001397341489791870e-02 -1.075173378922045231e-03 -8.575931191444396973e-02 -6.729192566126585007e-03 -1.619486212730407715e-01 -1.291085928678512573e-01 1.438100099563598633e+00 -3.215592727065086365e-02 -3.766258433461189270e-02 3.535957336425781250e-01 -8.650363981723785400e-02 -2.379042953252792358e-01 8.259397745132446289e-01 -6.847991049289703369e-02 -9.947728365659713745e-02
2.370885573327541351e-02 -5.744853243231773376e-02 5.254356265068054199e-01 7.449898719787597656e-01 -1.775103658437728882e-01 5.377691984176635742e-02 -3.014003299176692963e-02 -5.523749813437461853e-02 8.816401958465576172e-01 2.258814126253128052e-01 -1.999000087380409241e-02 9.022778272628784180e-02 -2.546788752079010010e-01 2.586858272552490234e-01 -1.717629283666610718e-01 -3.816276490688323975e-01
5.937899351119995117e-01 -9.765892475843429565e-02 5.560182034969329834e-03 3.883803486824035645e-01 -1.686204224824905396e-01 -7.348582893610000610e-02 -4.481866955757141113e-02 -7.928702048957347870e-03 -8.397906273603439331e-02 1.458051353693008423e-01 -2.005569078028202057e-02 2.996628284454345703e-01 -1.403804719448089600e-01 7.297632843255996704e-02 -1.091964617371559143e-01 -1.109537854790687561e-01
1.397683382034301758e+00 -9.176981635391712189e-03 -1.237759962677955627e-01 -1.248857527971267700e-01 -9.627815335988998413e-02 -6.342463195323944092e-02 -7.748678326606750488e-02 3.238998651504516602e-01 -3.405048325657844543e-02 -3.273708000779151917e-02 6.267900764942169189e-02 3.447595238685607910e-01 1.391128003597259521e-01 3.109143376350402832e-01 -1.697283834218978882e-01 -7.210324704647064209e-02
2.862694561481475830e-01 1.117508411407470703e+00 -1.811264157295227051e-01 6.931134462356567383e-01 -2.281409502029418945e-01 4.382976591587066650e-01 2.281038835644721985e-02 4.798520505428314209e-01 -4.108026251196861267e-02 5.573642253875732422e-01 -1.846295595169067383e-01 6.206877827644348145e-01 -1.480796784162521362e-01 2.660724222660064697e-01 -9.148383885622024536e-02 2.024135440587997437e-01
3.155369460582733154e-01 -2.009016694501042366e-03 -4.758084565401077271e-02 -1.714886538684368134e-02 -7.962650060653686523e-02 6.432969570159912109e-01 -8.989864587783813477e-02 2.136698216199874878e-01 -1.388288289308547974e-02 2.758620977401733398e-01 -4.774394631385803223e-02 8.699093461036682129e-01 -7.513009011745452881e-02 1.054250821471214294e-01 -8.353252708911895752e-02 -4.463988170027732849e-02
1.037353634834289551e+00 3.592714667320251465e-03 -1.125425845384597778e-01 -2.534852027893066406e-01 8.918188810348510742e-01 -1.483229845762252808e-01 -1.290604919195175171e-01 9.328805804252624512e-01 -4.244876801967620850e-01 -1.789566576480865479e-01 -3.384317755699157715e-01 2.079064846038818359e+00 -1.453010141849517822e-01 -3.738389909267425537e-01 2.989862263202667236e-01 2.194158434867858887e-01
-4.025528952479362488e-02 4.198599606752395630e-03 2.471113204956054688e-01 9.968291968107223511e-02 -2.579255998134613037e-01 -3.536773845553398132e-02 2.110929936170578003e-01 5.026900768280029297e-01 -1.697191596031188965e-01 -3.154045436531305313e-03 -3.204404115676879883e-01 9.618828892707824707e-01 -8.415766060352325439e-02 3.362849354743957520e-01 -7.880811393260955811e-02 -1.589139252901077271e-01
3.978218138217926025e-02 -4.148014187812805176e-01 -8.966518193483352661e-02 1.457425475120544434e+00 -2.066826820373535156e-02 3.976052999496459961e-01 -1.031614840030670166e-02 -4.187787696719169617e-02 7.270702123641967773e-01 -2.616719715297222137e-02 3.532570838928222656e+00 -6.263494491577148438e-02 -1.783967316150665283e-01 1.257698655128479004e+00 4.251888021826744080e-03 -1.538585871458053589e-01
5.255976319313049316e-01 -9.412183612585067749e-02 -1.038275510072708130e-01 -2.306289784610271454e-02 -5.697753652930259705e-02 6.868469119071960449e-01 -1.047001630067825317e-01 4.011619985103607178e-01 6.779460310935974121e-01 3.718979656696319580e-02 8.739897608757019043e-01 2.786762118339538574e-01 -2.686994709074497223e-02 5.787299275398254395e-01 -2.779577076435089111e-01 -7.463175058364868164e-02
4.320473968982696533e-01 -2.328925020992755890e-02 -5.726145114749670029e-03 1.708991825580596924e-01 -5.043604597449302673e-02 -1.498330384492874146e-01 -6.998752802610397339e-02 7.835116386413574219e-01 -6.583291292190551758e-02 -2.099129930138587952e-02 1.972688436508178711e-01 7.000587582588195801e-01 -1.481466591358184814e-01 1.260199308395385742e+00 -1.130650416016578674e-01 9.025902301073074341e-02
3.403266668319702148e-01 -2.843697927892208099e-02 -1.093504428863525391e-01 3.406182527542114258e-01 -2.206467688083648682e-01 2.451439797878265381e-01 -8.849606662988662720e-02 4.141359031200408936e-02 -1.791644692420959473e-01 7.898242473602294922e-01 1.603347510099411011e-01 5.592166185379028320e-01 -2.123344242572784424e-01 9.889416098594665527e-01 -8.704877644777297974e-02 -1.700851172208786011e-01
1.135952115058898926e+00 -4.735980927944183350e-02 -8.376102894544601440e-02 -1.044345423579216003e-01 6.656672954559326172e-01 -2.529266774654388428e-01 -3.182033251505345106e-04 1.035720109939575195e-01 -3.853355348110198975e-01 -2.546423077583312988e-01 -1.497874706983566284e-01 1.918293118476867676e+00 -1.424945741891860962e-01 -1.840654462575912476e-01 -1.629126369953155518e-01 5.132015347480773926e-01
5.171197056770324707e-01 -2.507716417312622070e-02 1.423855721950531006e-01 3.291514813899993896e-01 8.553421497344970703e-01 -5.230697989463806152e-02 1.299091339111328125e+00 -4.025440216064453125e-01 -3.220988437533378601e-02 -1.671821027994155884e-01 -1.397189497947692871e-01 6.611270904541015625e-01 1.905630946159362793e+00 -1.151123419404029846e-01 7.865030169486999512e-01 -2.166172564029693604e-01
-3.046257235109806061e-02 -3.587152957916259766e-01 4.724213480949401855e-01 -5.558386445045471191e-02 -2.681173197925090790e-02 -4.574493505060672760e-03 -1.304564923048019409e-01 -3.041838109493255615e-02 -1.191352605819702148e-01 3.035201430320739746e-01 1.317141413688659668e+00 -2.453150600194931030e-01 -3.063069656491279602e-02 5.010731816291809082e-01 -5.320085212588310242e-02 1.014977991580963135e-01
-1.152263209223747253e-01 -4.353860020637512207e-01 -4.816025495529174805e-02 -1.601354330778121948e-01 -1.033739186823368073e-02 4.600538313388824463e-01 -2.126820087432861328e-01 8.201715946197509766e-01 2.739797830581665039e-01 6.533698439598083496e-01 1.751916766166687012e+00 -3.277124166488647461e-01 -1.540124565362930298e-01 1.176802992820739746e+00 2.260340563952922821e-02 1.459518820047378540e-01
9.802630543708801270e-01 2.604094743728637695e-01 -9.004973620176315308e-02 6.719309836626052856e-02 -1.939161308109760284e-02 4.517990350723266602e-02 -1.107826549559831619e-02 -1.264070868492126465e-01 6.854771971702575684e-01 -7.191305048763751984e-03 -6.906077265739440918e-02 1.491545200347900391e+00 1.202996134757995605e+00 2.304248660802841187e-01 -1.669694036245346069e-01 -1.093918234109878540e-01
2.610611915588378906e-01 -1.146722119301557541e-02 -3.405737504363059998e-02 3.776360452175140381e-01 2.801335230469703674e-02 3.898183703422546387e-01 -4.984458163380622864e-02 2.981143295764923096e-01 9.367945790290832520e-01 -1.283754706382751465e-01 1.033859848976135254e+00 1.743171513080596924e-01 -7.501469459384679794e-03 4.379864931106567383e-01 -2.143661230802536011e-01 -4.557019099593162537e-02
6.888356804847717285e-01 4.266034960746765137e-01 -5.298729520291090012e-03 -8.041470497846603394e-02 -3.130483925342559814e-01 1.422270387411117554e-01 -1.130256429314613342e-01 1.534948587417602539e+00 8.541213274002075195e-01 7.122293710708618164e-01 -2.439799904823303223e-02 -3.663193881511688232e-01 -2.408277988433837891e-01 2.365862429141998291e-01 -2.755821943283081055e-01 -1.778657138347625732e-01
7.390236258506774902e-01 5.019251704216003418e-01 -1.250857114791870117e-01 5.652220249176025391e-01 -7.019594311714172363e-02 2.855456620454788208e-02 -3.672122256830334663e-03 1.148977875709533691e+00 -1.073312163352966309e-01 3.836249709129333496e-01 3.269338607788085938e-01 3.795909285545349121e-01 -1.811547726392745972e-01 2.917197942733764648e-01 -1.799966841936111450e-01 1.329496860504150391e+00
4.293754398822784424e-01 2.365160286426544189e-01 -9.316944330930709839e-02 4.513323307037353516e-01 -1.063864007592201233e-01 -2.128937095403671265e-01 -3.083958104252815247e-02 2.617027163505554199e-01 -9.612985700368881226e-02 4.486777484416961670e-01 -1.192411966621875763e-02 2.479208111763000488e-01 1.210805699229240417e-01 9.854446351528167725e-02 -9.727977961301803589e-02 -1.060908213257789612e-01
-1.680696010589599609e-02 -3.042390756309032440e-02 -1.000145673751831055e-01 1.067586779594421387e+00 -2.823963165283203125e-01 4.749108850955963135e-01 -1.511312425136566162e-01 4.641934037208557129e-01 -6.456163525581359863e-02 1.224636077880859375e+00 1.869409531354904175e-01 6.754702329635620117e-02 -1.903985589742660522e-01 5.838620066642761230e-01 -3.539448231458663940e-02 -9.017597138881683350e-02
-1.449784915894269943e-02 -5.008406564593315125e-02 6.647444367408752441e-01 7.348315715789794922e-01 -2.040422707796096802e-01 -2.568602003157138824e-02 -1.516535431146621704e-01 4.336462318897247314e-01 -7.572524994611740112e-02 8.851142525672912598e-01 2.573033571243286133e-01 -3.232032526284456253e-03 -8.134767413139343262e-03 5.960980653762817383e-01 -7.756732520647346973e-04 -9.126653522253036499e-02
1.291183710098266602e+00 1.795880317687988281e+00 7.202734351158142090e-01 -2.209672182798385620e-01 3.367310464382171631e-01 -4.629289209842681885e-01 2.767436020076274872e-02 1.607469171285629272e-01 1.822837591171264648e+00 -2.246536761522293091e-01 -3.046613335609436035e-01 -1.784808635711669922e-01 1.624267697334289551e+00 5.187910795211791992e-01 -7.742295414209365845e-02 -9.296997636556625366e-02
7.436904907226562500e-01 -1.732060760259628296e-01 3.769084215164184570e-01 -1.658161133527755737e-01 -1.007911004126071930e-02 -2.808600664138793945e-02 -8.586134761571884155e-02 9.221925735473632812e-01 -1.959041319787502289e-02 -8.632222563028335571e-02 -1.189679056406021118e-01 8.166325092315673828e-01 -1.972156167030334473e-01 -4.623115807771682739e-02 -6.395661085844039917e-02 3.419809639453887939e-01
2.986127734184265137e-01 -1.605488508939743042e-01 6.246805191040039062e-01 -1.756236553192138672e-01 7.472500205039978027e-02 5.604134202003479004e-01 -9.280591458082199097e-02 6.530581712722778320e-01 5.040808320045471191e-01 4.818829596042633057e-01 3.317006230354309082e-01 1.080090403556823730e-01 -1.733548492193222046e-01 1.115038469433784485e-01 1.869815438985824585e-01 3.194733560085296631e-01
8.281264901161193848e-01 -3.936659395694732666e-01 -3.308345749974250793e-02 -1.183680817484855652e-01 -7.336294651031494141e-02 -2.960613928735256195e-02 -1.290900111198425293e-01 1.929750204086303711e+00 1.880088001489639282e-01 -2.719840779900550842e-02 1.647074699401855469e+00 -1.860475540161132812e-01 -3.451542258262634277e-01 7.661610841751098633e-01 -2.793600261211395264e-01 -1.462916582822799683e-01
1.285382866859436035e+00 6.842919588088989258e-01 -1.658959090709686279e-01 -3.470922634005546570e-02 6.438755989074707031e-01 -9.870590269565582275e-02 -7.118301093578338623e-02 -1.688095629215240479e-01 -9.829425066709518433e-02 -1.227529793977737427e-01 2.811915278434753418e-01 1.447115778923034668e+00 6.971337795257568359e-01 2.336980551481246948e-01 -1.135811954736709595e-01 -1.706349700689315796e-01
8.349911570549011230e-01 -1.603417098522186279e-01 -7.946049422025680542e-02 -3.445919370278716087e-03 -3.365993127226829529e-02 -1.637797802686691284e-01 -1.076501235365867615e-01 6.281881332397460938e-01 -1.790927648544311523e-01 -6.296899169683456421e-02 -3.663112223148345947e-02 1.214014410972595215e+00 -8.867505937814712524e-02 -9.367699176073074341e-02 -2.082008123397827148e-02 -1.305715413764119148e-03
8.357699960470199585e-03 -1.065905913710594177e-01 -9.054717421531677246e-02 1.711968332529067993e-01 3.677009046077728271e-01 -1.223771795630455017e-01 -8.317600190639495850e-02 1.126758098602294922e+00 -9.841468185186386108e-02 4.765892922878265381e-01 1.444810032844543457e+00 -2.346972078084945679e-01 -8.145634084939956665e-02 6.080484986305236816e-01 -2.806759439408779144e-02 -6.710981833748519421e-04
-3.250201791524887085e-02 -1.830211728811264038e-01 -2.876639068126678467e-01 9.500179290771484375e-01 -2.414530515670776367e-01 9.831284880638122559e-01 1.199556067585945129e-01 1.327194422483444214e-01 6.326699852943420410e-01 4.268699288368225098e-01 3.422794342041015625e+00 -5.392251070588827133e-03 -1.178109049797058105e-01 1.746409773826599121e+00 1.779966615140438080e-02 2.874353528022766113e-01
-2.283693403005599976e-01 2.622819423675537109e+00 -2.592729404568672180e-02 3.959707021713256836e+00 -3.387922644615173340e-01 8.737497776746749878e-02 4.502492025494575500e-02 -2.854047529399394989e-02 5.811022520065307617e-01 3.207451581954956055e+00 9.187573194503784180e-01 -5.332574248313903809e-01 3.509978950023651123e-01 -2.619105577468872070e-01 -7.488486357033252716e-03 -1.876953095197677612e-01
2.889163792133331299e-01 1.439176797866821289e+00 6.990814581513404846e-04 2.378165960311889648e+00 -2.359795868396759033e-01 -1.117008924484252930e-01 -8.900790661573410034e-02 -9.821296483278274536e-02 4.836109578609466553e-01 2.414883852005004883e+00 8.772389888763427734e-01 -3.665331900119781494e-01 5.796284675598144531e-01 -1.560353189706802368e-01 -1.176707074046134949e-01 -2.494599670171737671e-01
2.129232510924339294e-03 -8.006572723388671875e-02 -2.613709270954132080e-01 8.441332578659057617e-01 -5.548177286982536316e-02 6.846470832824707031e-01 1.517842113971710205e-01 5.283453464508056641e-01 -2.878689765930175781e-02 7.260162830352783203e-01 -3.825828060507774353e-02 9.927398562431335449e-01 -2.970864474773406982e-01 4.215339124202728271e-01 -7.481187582015991211e-03 -1.635073721408843994e-01
-4.604144021868705750e-02 -1.919588260352611542e-02 -1.053329035639762878e-01 3.237512409687042236e-01 -1.200395151972770691e-01 2.666885554790496826e-01 3.666259348392486572e-01 7.822493314743041992e-01 1.145531311631202698e-01 7.834158092737197876e-02 -3.370803222060203552e-02 -5.345476791262626648e-02 -1.310492306947708130e-01 6.072754263877868652e-01 -4.214036464691162109e-02 -6.947205960750579834e-02
8.982108235359191895e-01 -1.250632405281066895e-01 -9.079216420650482178e-02 -6.574638932943344116e-02 -4.794356971979141235e-02 -1.423191130161285400e-01 -1.573668122291564941e-01 7.773282527923583984e-01 4.733803570270538330e-01 -3.011537250131368637e-03 1.623674273490905762e+00 -3.692823648452758789e-02 5.035630464553833008e-01 1.645072221755981445e+00 -2.135533392429351807e-01 4.749825298786163330e-01
-5.731818079948425293e-01 9.477267265319824219e-01 3.638208150863647461e+00 1.683958321809768677e-01 1.968726277351379395e+00 8.827705383300781250e-01 3.055180311203002930e+00 -6.269368529319763184e-02 -8.971269242465496063e-03 -4.759755730628967285e-01 -2.675844728946685791e-01 -8.782967180013656616e-02 1.436083078384399414e+00 -5.186249017715454102e-01 2.744865179061889648e+00 2.768329381942749023e+00
1.646983325481414795e-01 3.659493029117584229e-01 -2.754285037517547607e-01 1.227267742156982422e+00 -1.827289611101150513e-01 2.869550585746765137e-01 -9.349987655878067017e-02 -1.136437579989433289e-01 3.081150949001312256e-01 1.301837801933288574e+00 1.740732789039611816e-01 1.748485863208770752e-02 2.519190311431884766e-01 4.062344729900360107e-01 -7.558566331863403320e-02 -2.250190228223800659e-01
-5.999737419188022614e-03 8.675829507410526276e-03 1.186456903815269470e-01 8.688955307006835938e-01 -2.237011045217514038e-01 -5.555278807878494263e-02 -8.627992123365402222e-02 1.075292944908142090e+00 -1.463281223550438881e-03 3.985608220100402832e-01 9.572907090187072754e-01 -2.942838966846466064e-01 -3.755980357527732849e-02 1.389168500900268555e+00 -1.182887479662895203e-01 1.535291194915771484e+00
-3.482974171638488770e-01 -4.601143300533294678e-02 2.206664681434631348e-01 -3.546423614025115967e-01 1.352888345718383789e+00 2.625858068466186523e+00 -1.555442214012145996e-01 -2.056294530630111694e-01 -3.071764409542083740e-01 1.046445012092590332e+00 -9.279579669237136841e-02 -5.900065973401069641e-02 -1.926196962594985962e-01 -1.164538487792015076e-01 5.770596265792846680e-01 1.363330841064453125e+00
1.221190810203552246e+00 -6.993668526411056519e-02 -2.781715095043182373e-01 -1.151830982416868210e-02 2.875398695468902588e-01 -7.442119717597961426e-02 -6.050638481974601746e-02 -1.725701689720153809e-01 -1.543464418500661850e-02 -8.557259291410446167e-02 -1.654644869267940521e-02 1.033484220504760742e+00 6.240898370742797852e-01 6.688296794891357422e-01 -6.084182485938072205e-02 -1.550466120243072510e-01
-4.734555780887603760e-01 1.910355448722839355e+00 2.803663015365600586e+00 2.521380782127380371e-01 1.835286498069763184e+00 5.731525421142578125e-01 2.509389638900756836e+00 -2.852178812026977539e-01 3.300612047314643860e-02 -4.022081792354583740e-01 -1.649451702833175659e-01 -9.560505300760269165e-02 1.795091032981872559e+00 -3.765413761138916016e-01 2.006212234497070312e+00 2.908679485321044922e+00
5.440785288810729980e-01 -1.844009459018707275e-01 -7.300762087106704712e-02 2.388172149658203125e-01 -2.030206471681594849e-01 -1.324374079704284668e-01 -1.211174055933952332e-01 -9.571574628353118896e-02 -1.128818392753601074e-01 6.604596972465515137e-01 3.505418002605438232e-01 4.795978665351867676e-01 -9.055062383413314819e-02 4.447741806507110596e-01 -9.498736262321472168e-02 -1.997136920690536499e-01
1.110003471374511719e+00 7.257300615310668945e-01 -6.985871493816375732e-02 -4.085221514105796814e-02 -1.015565618872642517e-01 -2.860811650753021240e-01 4.134467542171478271e-01 1.963656067848205566e+00 -2.135411463677883148e-02 -1.135095283389091492e-01 4.327603578567504883e-01 7.068604230880737305e-01 2.481386959552764893e-01 1.236463546752929688e+00 -2.416130155324935913e-01 1.898533582687377930e+00
-2.031672932207584381e-02 -8.711400628089904785e-02 7.842148095369338989e-02 1.284919619560241699e+00 -1.708621531724929810e-01 -1.459114551544189453e-01 -6.596449762582778931e-02 -9.377063810825347900e-02 4.649706780910491943e-01 1.162431716918945312e+00 7.074409723281860352e-01 -3.653912544250488281e-01 2.011140882968902588e-01 2.110181301832199097e-01 3.290944099426269531e-01 -1.526390910148620605e-01
-2.555732242763042450e-02 -5.012315139174461365e-02 3.924769461154937744e-01 8.681232929229736328e-01 -1.928071081638336182e-01 -5.148350074887275696e-02 -2.989668212831020355e-02 -1.261671781539916992e-01 -4.319678992033004761e-03 3.345400094985961914e-01 -6.594840437173843384e-02 3.535180091857910156e-01 1.852873265743255615e-01 -3.468446061015129089e-02 -4.335363954305648804e-02 -1.959246844053268433e-01
-7.264571636915206909e-02 -2.846943736076354980e-01 -2.015327066183090210e-01 1.160547852516174316e+00 -2.746650874614715576e-01 7.341288924217224121e-01 -2.129447013139724731e-01 6.713110804557800293e-01 9.894153475761413574e-01 7.779367566108703613e-01 7.162621021270751953e-01 -5.533886700868606567e-02 -1.640758961439132690e-01 6.270114779472351074e-01 9.099985659122467041e-02 -1.690852791070938110e-01
2.339350730180740356e-01 7.007309198379516602e-01 9.339801669120788574e-01 5.254334211349487305e-01 -1.004142090678215027e-01 1.335372805595397949e+00 -8.802786469459533691e-03 3.443664610385894775e-01 5.758754611015319824e-01 5.808607116341590881e-02 2.781876549124717712e-02 3.524866998195648193e-01 -7.696064561605453491e-02 -1.203659921884536743e-01 -3.565706908702850342e-01 3.007430136203765869e-01
-1.020274311304092407e-01 8.010636083781719208e-03 -1.935437619686126709e-01 7.174005508422851562e-01 -1.625563353300094604e-01 1.008311629295349121e+00 5.692546367645263672e-01 1.233268260955810547e+00 -8.929181843996047974e-02 7.527059316635131836e-01 1.230468302965164185e-01 2.948867678642272949e-01 -2.627579867839813232e-01 7.257491946220397949e-01 -2.878839150071144104e-02 5.620207190513610840e-01
6.771744489669799805e-01 6.788458228111267090e-01 -1.762652844190597534e-01 3.604468703269958496e-01 -1.348717231303453445e-02 -1.037794947624206543e-01 1.185345277190208435e-01 2.971898317337036133e-01 -1.395305991172790527e-01 1.865792728494852781e-04 6.702546477317810059e-01 7.080952525138854980e-01 4.935598373413085938e-01 6.948686242103576660e-01 -1.398552805185317993e-01 7.698409259319305420e-02
-3.501002490520477295e-02 -2.145762294530868530e-01 5.509983301162719727e-01 4.976777136325836182e-01 -2.586435079574584961e-01 -1.129510160535573959e-02 2.901364564895629883e-01 4.629204273223876953e-01 1.743632316589355469e+00 -5.517151579260826111e-02 9.998872876167297363e-01 -1.066208034753799438e-01 -1.043400689959526062e-01 -4.164556786417961121e-02 -1.281385868787765503e-01 -2.851902879774570465e-02
9.522681832313537598e-01 8.199723064899444580e-02 -4.751015454530715942e-02 7.005037367343902588e-02 -1.160806939005851746e-01 -4.074485972523689270e-02 1.062087342143058777e-01 -2.579911053180694580e-02 9.560907483100891113e-01 -6.940754503011703491e-02 -1.820100285112857819e-02 1.657713413238525391e+00 5.465298891067504883e-01 6.425457000732421875e-01 -2.449946403503417969e-01 -1.523047983646392822e-01
6.927360892295837402e-01 4.782115221023559570e-01 -8.198647946119308472e-02 -1.218215096741914749e-02 -2.657919004559516907e-02 1.412695348262786865e-01 -4.373908042907714844e-02 1.900756955146789551e-01 2.662196457386016846e-01 -3.036627313122153282e-03 -2.716594003140926361e-02 4.004394114017486572e-01 5.458612442016601562e-01 4.001999795436859131e-01 -4.352673515677452087e-02 -4.911871626973152161e-02
3.918121457099914551e-01 1.386223673820495605e+00 7.687532901763916016e-02 1.181814223527908325e-01 -2.004090547561645508e-01 -2.149305194616317749e-01 2.436959147453308105e-01 1.565563678741455078e-01 -6.265681236982345581e-02 2.090154886245727539e-01 -4.081485792994499207e-02 2.317661941051483154e-01 7.135261297225952148e-01 9.538984298706054688e-01 -6.638798862695693970e-02 6.106371283531188965e-01
-4.109118133783340454e-02 -9.745365381240844727e-02 6.144392490386962891e-01 6.680797338485717773e-01 -2.011177390813827515e-01 -1.233604773879051208e-01 8.600086718797683716e-02 -3.998479619622230530e-02 -2.820267714560031891e-02 2.224441617727279663e-01 -1.277379989624023438e-01 -1.461054664105176926e-02 -3.244065865874290466e-02 -1.036340370774269104e-01 -3.650561347603797913e-02 -1.979743093252182007e-01
5.280376076698303223e-01 9.295284748077392578e-01 -3.788207098841667175e-02 -1.825517416000366211e-01 9.379024505615234375e-01 -2.214795649051666260e-01 -9.460913389921188354e-02 -1.512992531061172485e-01 1.720388531684875488e-01 -2.047931998968124390e-01 -1.465685814619064331e-01 7.887012362480163574e-01 1.453674077987670898e+00 -1.127926260232925415e-01 -5.913647636771202087e-02 -1.113410145044326782e-01
-1.631808653473854065e-02 4.555809795856475830e-01 -2.973589301109313965e-02 1.188758254051208496e+00 -2.422779053449630737e-01 -1.033286377787590027e-01 -8.726951479911804199e-02 -1.717176735401153564e-01 6.409063935279846191e-01 1.393348813056945801e+00 -1.605777889490127563e-01 -2.260838001966476440e-01 2.539182603359222412e-01 -3.023848496377468109e-02 6.716287732124328613e-01 -2.651499807834625244e-01
8.353936672210693359e-02 -6.144128367304801941e-02 -1.669383235275745392e-02 4.378911852836608887e-01 -1.849921047687530518e-01 8.006824851036071777e-01 -1.882671564817428589e-01 1.960644423961639404e-01 3.955574631690979004e-01 8.892893195152282715e-01 4.090645909309387207e-01 3.753995895385742188e-01 -2.507491223514080048e-02 6.682399511337280273e-01 -1.519567240029573441e-02 -1.086632981896400452e-01
-5.087976455688476562e-01 1.419208168983459473e+00 2.857048511505126953e+00 -2.801377885043621063e-02 2.474781990051269531e+00 8.920233249664306641e-01 2.823741912841796875e+00 -3.091816902160644531e-01 6.381931900978088379e-01 -4.929077327251434326e-01 -2.615894079208374023e-01 -1.173603907227516174e-01 2.083965063095092773e+00 -5.489044189453125000e-01 2.914484500885009766e+00 2.226989984512329102e+00
-2.942524850368499756e-01 -2.704400420188903809e-01 1.988202929496765137e+00 -1.143519878387451172e-01 -2.170951105654239655e-02 5.593656301498413086e-01 2.867081880569458008e+00 3.641478121280670166e-01 -1.450559794902801514e-01 -3.259138762950897217e-01 -3.089035749435424805e-01 -1.379485474899411201e-03 -3.440806269645690918e-02 -8.636539429426193237e-02 1.982810258865356445e+00 1.421090841293334961e+00
-5.162078887224197388e-02 -2.509351670742034912e-01 8.054534792900085449e-01 -1.094816252589225769e-01 -3.406859934329986572e-02 9.079115092754364014e-02 2.520801544189453125e+00 -4.663069918751716614e-02 -1.487386673688888550e-01 -2.104701995849609375e-01 -3.041501939296722412e-01 5.433630347251892090e-01 4.021959304809570312e-01 7.236742973327636719e-01 1.627022743225097656e+00 2.550188601016998291e-01
2.421187013387680054e-01 -4.642870649695396423e-02 -7.240589708089828491e-02 6.606558561325073242e-01 -4.053964838385581970e-02 3.333017230033874512e-01 -1.622089594602584839e-01 -8.562742918729782104e-02 -1.418400108814239502e-01 6.513144373893737793e-01 1.439456582069396973e+00 -7.883910089731216431e-02 -9.543525427579879761e-02 5.149130225181579590e-01 -1.779604703187942505e-01 -3.213828057050704956e-02
6.201043128967285156e-01 5.177518725395202637e-01 -1.797787994146347046e-01 4.072162210941314697e-01 -1.696119308471679688e-01 -9.182292968034744263e-02 1.382410049438476562e+00 3.504554033279418945e-01 -2.135214060544967651e-01 -4.579354077577590942e-02 -7.152127474546432495e-02 9.854246973991394043e-01 3.071286529302597046e-02 1.226655125617980957e+00 7.477229088544845581e-02 7.448387742042541504e-01
4.160784184932708740e-01 1.662452101707458496e+00 8.806866407394409180e-01 2.281045675277709961e+00 -2.128490656614303589e-01 -1.801725476980209351e-01 -7.251363247632980347e-02 -2.514905668795108795e-02 3.049178719520568848e-01 2.057107925415039062e+00 5.483368039131164551e-01 -4.318165481090545654e-01 1.567729413509368896e-01 -1.234558597207069397e-01 -1.479274034500122070e-01 -1.223685890436172485e-01
6.980773806571960449e-01 7.691271901130676270e-01 -1.490162163972854614e-01 -1.480181515216827393e-01 -3.205143287777900696e-02 4.002940058708190918e-01 -5.049839615821838379e-02 9.205321669578552246e-01 1.151269912719726562e+00 -1.319507509469985962e-01 -1.063248515129089355e-01 1.050785422325134277e+00 -3.561366721987724304e-02 6.199771165847778320e-01 -1.726671904325485229e-01 -7.253801822662353516e-02
1.222769856452941895e+00 -1.100571453571319580e-02 -2.136226147413253784e-01 3.841714188456535339e-02 7.556173801422119141e-01 4.461800307035446167e-02 -3.713877126574516296e-02 -1.509823650121688843e-01 4.461087584495544434e-01 -1.141768023371696472e-01 1.654017210006713867e+00 1.028094649314880371e+00 6.487631201744079590e-01 1.541876941919326782e-01 -1.610248535871505737e-01 -1.392854601144790649e-01
3.115552961826324463e-01 -4.520224034786224365e-02 -1.695502251386642456e-01 -1.857567131519317627e-01 -4.678029101341962814e-03 -2.562389336526393890e-02 9.458981454372406006e-02 9.591083228588104248e-02 1.295415163040161133e+00 -2.048893272876739502e-01 -2.137845009565353394e-01 5.619162321090698242e-01 -4.201298952102661133e-02 1.212065339088439941e+00 1.647478342056274414e-01 -2.975747287273406982e-01
-1.274439841508865356e-01 -2.685623466968536377e-01 5.950266718864440918e-01 -4.493178427219390869e-02 -1.307967901229858398e-01 4.965772926807403564e-01 2.216527462005615234e+00 4.028886258602142334e-01 -3.217194229364395142e-02 -1.095150634646415710e-01 -2.357050478458404541e-01 5.792245268821716309e-01 -4.858418181538581848e-02 1.227865457534790039e+00 1.502536535263061523e+00 1.158211901783943176e-01
1.790598332881927490e-01 -1.527569144964218140e-01 -1.037565842270851135e-01 -5.255627259612083435e-02 -2.436519712209701538e-01 4.563170075416564941e-01 -1.773757934570312500e-01 1.881937384605407715e-01 -1.906971782445907593e-01 1.241012215614318848e+00 9.497954845428466797e-01 -7.023501396179199219e-02 -1.358655095100402832e-01 2.927206158638000488e-01 -1.092629060149192810e-01 3.466237187385559082e-01
9.944346547126770020e-01 6.161001324653625488e-01 1.142132207751274109e-01 -5.264921858906745911e-02 -2.479013241827487946e-02 -2.435626238584518433e-01 -2.254433743655681610e-02 4.982462897896766663e-02 1.148594498634338379e+00 1.273451894521713257e-01 -8.890350908041000366e-02 1.164062619209289551e-01 8.619742393493652344e-01 3.738229870796203613e-01 -1.002362892031669617e-01 -2.151299566030502319e-01
-1.985540837049484253e-01 1.621848046779632568e-01 -8.223313838243484497e-02 1.303826570510864258e+00 -2.356713265180587769e-01 1.028303146362304688e+00 -5.241909250617027283e-02 3.580414950847625732e-01 1.080537363886833191e-01 1.175861001014709473e+00 -1.072359681129455566e-01 5.182256177067756653e-02 -1.720199435949325562e-01 5.076067447662353516e-01 1.674002408981323242e-01 -1.468946188688278198e-01
-1.108306366950273514e-02 2.181394845247268677e-01 -2.816984057426452637e-02 -2.158742584288120270e-02 -6.514831632375717163e-02 8.203150033950805664e-01 -1.749839447438716888e-02 1.136551499366760254e+00 -1.336478292942047119e-01 3.075820803642272949e-01 -1.530226022005081177e-01 4.795981645584106445e-01 -1.774924844503402710e-01 4.121300280094146729e-01 -3.612769395112991333e-02 3.173258900642395020e-01
1.899173855781555176e-01 4.767307341098785400e-01 -2.552145719528198242e-01 1.538795232772827148e+00 -2.852519452571868896e-01 4.785829782485961914e-02 -1.817102581262588501e-01 1.945778727531433105e-01 8.795122504234313965e-01 1.822613477706909180e+00 9.240502715110778809e-01 -2.778874337673187256e-01 -4.542227461934089661e-02 6.383547782897949219e-01 -8.745110780000686646e-02 -2.356054633855819702e-01
5.654377341270446777e-01 3.372063338756561279e-01 -1.022664904594421387e-01 1.315034180879592896e-01 -5.534234642982482910e-02 7.009938359260559082e-01 6.398887932300567627e-02 5.133599042892456055e-01 -2.698153257369995117e-02 2.465294003486633301e-01 1.602705121040344238e-01 1.430152893066406250e+00 8.419041335582733154e-02 3.429180383682250977e-01 -1.024346947669982910e-01 5.613452196121215820e-02
-3.175351321697235107e-01 3.816542625427246094e-01 2.445389509201049805e+00 1.066622808575630188e-01 1.098725557327270508e+00 7.495508790016174316e-01 3.119705677032470703e+00 -2.751422524452209473e-01 5.533432364463806152e-01 -2.787998318672180176e-01 -1.803299635648727417e-01 -1.607253998517990112e-01 2.106182575225830078e+00 -4.368292987346649170e-01 3.175884008407592773e+00 1.432822585105895996e+00
-2.943443059921264648e-01 -1.509523391723632812e-01 -1.190535426139831543e-01 -4.302054047584533691e-01 1.360468983650207520e+00 1.751067519187927246e+00 -1.193200498819351196e-01 5.918717756867408752e-02 -2.055132389068603516e-01 -2.236636169254779816e-02 3.454507291316986084e-01 -2.154504060745239258e-01 -1.077639237046241760e-01 4.322487711906433105e-01 5.580656528472900391e-01 2.790281057357788086e+00
1.012980341911315918e+00 1.071392893791198730e+00 -1.900844573974609375e-01 -5.612587928771972656e-02 -6.085436418652534485e-02 -1.070196256041526794e-01 -4.335537180304527283e-02 -1.989243924617767334e-02 8.278073668479919434e-01 -1.299918293952941895e-01 1.922336965799331665e-01 -6.029618531465530396e-02 3.483662009239196777e-01 -1.240104362368583679e-01 -6.477163732051849365e-02 -1.928660422563552856e-01
-1.382482498884201050e-01 -3.987637460231781006e-01 -1.245283260941505432e-01 -4.544464126229286194e-02 -1.525629963725805283e-02 -1.186460480093955994e-01 -3.284973800182342529e-01 4.434892833232879639e-01 -1.983815804123878479e-02 6.591887474060058594e-01 2.556936025619506836e+00 -3.860870599746704102e-01 1.174390688538551331e-02 1.668466329574584961e+00 1.635263562202453613e-01 -7.768580224364995956e-03
1.180921673774719238e+00 -1.574278473854064941e-01 -3.390729725360870361e-01 -1.663173735141754150e-01 6.253672838211059570e-01 -3.450663983821868896e-01 -3.514818102121353149e-02 -7.371278107166290283e-02 -4.121574461460113525e-01 -2.645398974418640137e-01 -2.095660269260406494e-01 1.714739084243774414e+00 -5.918471142649650574e-02 -2.414678186178207397e-01 -1.850665807723999023e-01 -1.050605550408363342e-01
-7.289806008338928223e-02 1.158524394035339355e+00 1.713728666305541992e+00 1.506137728691101074e+00 2.383192300796508789e+00 1.712711751461029053e-01 1.889471530914306641e+00 -4.412865638732910156e-01 1.602969765663146973e+00 -4.233950078487396240e-01 -1.834430173039436340e-02 1.238911151885986328e+00 3.051786184310913086e+00 -2.903468310832977295e-01 -1.311167478561401367e-01 2.234983146190643311e-01
-4.625736176967620850e-01 9.220165610313415527e-01 3.298098325729370117e+00 4.271366000175476074e-01 9.188655614852905273e-01 7.588464617729187012e-01 3.347273588180541992e+00 -3.527874872088432312e-02 -3.088903147727251053e-03 -3.560953736305236816e-01 -3.249561488628387451e-01 -1.754671335220336914e-01 1.175892472267150879e+00 -5.239357948303222656e-01 2.886987209320068359e+00 2.252601385116577148e+00
1.730603873729705811e-01 -2.278735935688018799e-01 7.861486673355102539e-01 2.631579525768756866e-02 1.180841252207756042e-01 -2.905775904655456543e-01 -3.782673180103302002e-02 9.829439520835876465e-01 2.338440418243408203e-01 3.528122901916503906e-01 1.012253284454345703e+00 -3.541546761989593506e-01 -4.983817413449287415e-02 9.572668671607971191e-01 7.186287641525268555e-02 -1.816738098859786987e-01
-2.632405459880828857e-01 1.506748914718627930e+00 2.589005231857299805e+00 1.208127021789550781e+00 2.264950752258300781e+00 6.194692850112915039e-01 2.392765998840332031e+00 -3.610667884349822998e-01 1.761608004570007324e+00 -5.142439007759094238e-01 -2.375187873840332031e-01 4.176073074340820312e-01 2.794335126876831055e+00 -4.841719567775726318e-01 3.152025640010833740e-01 6.616330146789550781e-01
-3.189182579517364502e-01 -2.440463304519653320e-01 1.510475575923919678e-01 -2.780147790908813477e-01 6.101276874542236328e-01 2.371167421340942383e+00 -1.521127521991729736e-01 -3.556463718414306641e-01 -2.696711719036102295e-01 1.026508569717407227e+00 -7.142933458089828491e-02 -8.891469985246658325e-02 -1.451047062873840332e-01 -1.233821883797645569e-01 1.643491387367248535e+00 4.910915195941925049e-01
1.128569096326828003e-01 -4.098296910524368286e-02 -1.738732606172561646e-01 -1.227689012885093689e-01 5.379149913787841797e-01 -2.714972198009490967e-01 -2.049192488193511963e-01 -2.277661412954330444e-01 -1.478401571512222290e-01 -1.964939059689640999e-03 -1.238328367471694946e-01 1.017689466476440430e+00 1.522693634033203125e-01 -2.860638201236724854e-01 7.007737755775451660e-01 -5.295352265238761902e-02
-1.555678695440292358e-01 -7.742472738027572632e-02 -2.999992966651916504e-01 1.071922779083251953e+00 -2.570222020149230957e-01 1.583425641059875488e+00 4.170055687427520752e-01 2.096822261810302734e+00 3.911320567131042480e-01 9.452377557754516602e-01 -1.425619702786207199e-02 4.663544297218322754e-01 -5.442695021629333496e-01 7.586569190025329590e-01 -3.278719633817672729e-02 -2.326695621013641357e-02
-3.906088173389434814e-01 1.466938376426696777e+00 1.908446788787841797e+00 3.725519180297851562e-01 1.983040809631347656e+00 6.577259898185729980e-01 3.056730985641479492e+00 -4.378088414669036865e-01 1.787542343139648438e+00 -4.078411161899566650e-01 -3.677547276020050049e-01 -3.149200975894927979e-02 2.667481184005737305e+00 -5.769752264022827148e-01 3.058801174163818359e+00 3.824147582054138184e-02
-1.975036114454269409e-01 9.879850745201110840e-01 7.444008588790893555e-01 -1.049368157982826233e-01 2.095095157623291016e+00 4.666007757186889648e-01 2.477512836456298828e+00 -6.553995013236999512e-01 1.082474350929260254e+00 -2.816078066825866699e-01 -1.702932864427566528e-01 7.227377891540527344e-01 2.682569026947021484e+00 -3.729872107505798340e-01 2.669636726379394531e+00 1.838567852973937988e-01
-1.544510722160339355e-01 6.199448108673095703e-01 6.944472342729568481e-02 1.659394383430480957e+00 2.200914323329925537e-01 1.292177557945251465e+00 3.357728421688079834e-01 8.420847654342651367e-01 1.750108838081359863e+00 -2.463338822126388550e-01 1.357163429260253906e+00 5.067272782325744629e-01 2.067060470581054688e-01 -5.850678682327270508e-02 -3.746427893638610840e-01 -8.648233488202095032e-03
-2.677663862705230713e-01 1.598946154117584229e-01 1.216194272041320801e+00 -1.795493364334106445e-01 3.070319414138793945e+00 3.481879532337188721e-01 1.306457996368408203e+00 -3.207718729972839355e-01 -7.027509808540344238e-02 -3.570660054683685303e-01 3.700633943080902100e-01 1.534306883811950684e+00 1.744189023971557617e+00 -5.211522057652473450e-02 1.196631431579589844e+00 2.345580816268920898e+00
8.054651319980621338e-02 -4.170856475830078125e-01 -3.444937989115715027e-02 -1.974086761474609375e-01 2.144338637590408325e-01 -7.617943733930587769e-02 -9.376195818185806274e-02 1.852673888206481934e-01 -2.306582927703857422e-01 1.261397600173950195e-01 1.276309013366699219e+00 -2.186055630445480347e-01 -7.234451919794082642e-02 8.687802553176879883e-01 -1.226479839533567429e-02 6.232475042343139648e-01
7.026966810226440430e-01 6.336537003517150879e-01 2.612683773040771484e-01 -2.492104768753051758e-01 7.935030460357666016e-01 3.934247791767120361e-01 -1.136811897158622742e-01 -1.797134578227996826e-01 -1.948009245097637177e-02 5.591031908988952637e-02 -1.669080555438995361e-01 5.706957578659057617e-01 8.235152363777160645e-01 -4.794148728251457214e-02 -7.750313729047775269e-02 4.558706581592559814e-01
1.468790471553802490e-01 1.808167338371276855e+00 3.590392321348190308e-02 2.753548383712768555e+00 -2.867437303066253662e-01 -1.723953634500503540e-01 3.542955815792083740e-01 -3.475761041045188904e-02 1.084639191627502441e+00 2.023251295089721680e+00 -2.726946212351322174e-02 -3.876430392265319824e-01 3.820350766181945801e-01 -2.074315994977951050e-01 5.164859890937805176e-01 -2.721708714962005615e-01
6.205418109893798828e-01 7.374700903892517090e-01 -2.307929545640945435e-01 1.020445704460144043e+00 -1.099174246191978455e-01 -1.545652896165847778e-01 -1.333684474229812622e-01 9.325296878814697266e-01 -8.235684037208557129e-02 9.176393747329711914e-01 1.607418507337570190e-01 7.441239953041076660e-01 -8.346376568078994751e-02 4.646528065204620361e-01 -1.472885012626647949e-01 -1.498579084873199463e-01
3.348118960857391357e-01 -7.562655955553054810e-02 2.114239335060119629e-01 -1.560777276754379272e-01 1.821115314960479736e-01 -1.180970296263694763e-01 -1.741351783275604248e-01 1.005373597145080566e+00 -4.692877456545829773e-02 -2.580904029309749603e-02 4.863255620002746582e-01 -1.148532554507255554e-01 -1.777004450559616089e-01 3.027446568012237549e-01 -3.395306691527366638e-02 -1.816974394023418427e-02
8.820469975471496582e-01 -9.723867475986480713e-02 -4.389044363051652908e-03 1.956753619015216827e-02 -1.139311566948890686e-01 -9.172731637954711914e-02 -7.457946240901947021e-02 4.415784478187561035e-01 -2.199079245328903198e-01 1.885097920894622803e-01 4.317086935043334961e-01 3.479581773281097412e-01 -2.699286304414272308e-02 6.040793657302856445e-01 -1.145322546362876892e-01 4.878286272287368774e-02
1.026830792427062988e+00 -2.324842661619186401e-02 -5.109424516558647156e-02 -2.630226016044616699e-01 1.364443421363830566e+00 6.570078730583190918e-01 -6.125951558351516724e-02 -2.543119788169860840e-01 -4.258019849658012390e-02 -6.208255887031555176e-02 -1.242163926362991333e-01 9.833331704139709473e-01 7.028115987777709961e-01 1.767882704734802246e-02 -1.063549146056175232e-01 -8.303407579660415649e-02
3.832078725099563599e-02 -1.761169880628585815e-01 -1.374193131923675537e-01 4.811578616499900818e-02 -1.036742478609085083e-01 -9.349127113819122314e-02 -1.673051416873931885e-01 9.109959006309509277e-01 -1.263908147811889648e-01 2.863802313804626465e-01 1.523441314697265625e+00 -2.041480541229248047e-01 -4.207002464681863785e-03 1.676873445510864258e+00 -7.639627903699874878e-02 -4.381037130951881409e-02
-5.507804751396179199e-01 2.071914434432983398e+00 3.884178161621093750e+00 5.793894529342651367e-01 2.264015913009643555e+00 8.861433863639831543e-01 2.755779743194580078e+00 -1.332418173551559448e-01 1.258490562438964844e+00 -6.070082187652587891e-01 -3.614769577980041504e-01 -1.647040098905563354e-01 2.162347555160522461e+00 -5.842183232307434082e-01 1.925639510154724121e+00 2.399009227752685547e+00
-2.819482982158660889e-01 3.689706698060035706e-02 1.512557454407215118e-02 -3.193888962268829346e-01 1.429894924163818359e+00 9.630441665649414062e-01 -1.060256883502006531e-01 -2.367547601461410522e-01 -1.846623271703720093e-01 7.693050056695938110e-02 -7.973349094390869141e-02 -1.286096572875976562e-01 6.331010460853576660e-01 3.164019584655761719e-01 2.904440462589263916e-01 2.414950370788574219e+00
7.738900184631347656e-01 5.920641422271728516e-01 -3.361300379037857056e-02 3.470396697521209717e-01 -1.357715576887130737e-01 -1.281330883502960205e-01 2.033372223377227783e-01 1.678323030471801758e+00 3.754227161407470703e-01 3.824799954891204834e-01 4.398246109485626221e-01 -8.162087947130203247e-02 -4.220190644264221191e-02 -1.819059066474437714e-02 -2.025424987077713013e-01 7.741857171058654785e-01
2.300512641668319702e-01 -1.419559270143508911e-01 -8.121429383754730225e-02 -6.417451798915863037e-02 1.058181822299957275e-01 -9.005262516438961029e-03 -3.566571697592735291e-02 -4.613781347870826721e-02 -2.299274653196334839e-01 -5.893411114811897278e-02 -1.700932085514068604e-01 4.000132381916046143e-01 -1.151303425431251526e-01 -1.948538273572921753e-01 5.566195845603942871e-01 -6.352961808443069458e-02
-4.845820512855425477e-05 -2.287977784872055054e-01 -1.997498124837875366e-01 5.836154520511627197e-02 -2.750932276248931885e-01 -4.923320934176445007e-02 -2.548989355564117432e-01 2.765452623367309570e+00 5.531773567199707031e-01 4.457730650901794434e-01 1.922147035598754883e+00 -3.644898831844329834e-01 -5.277585983276367188e-02 2.143401384353637695e+00 -1.454925090074539185e-01 -8.457070589065551758e-02
5.306279659271240234e-01 -8.763556927442550659e-02 -7.641594856977462769e-02 4.997373521327972412e-01 -1.962816715240478516e-01 -1.401004493236541748e-01 -1.504241526126861572e-01 7.445677518844604492e-01 7.883806228637695312e-01 2.320996820926666260e-01 5.562723875045776367e-01 -6.143414974212646484e-02 -1.981510519981384277e-01 8.205561637878417969e-01 -1.412261463701725006e-02 -2.273921817541122437e-01
1.195458173751831055e+00 4.005225598812103271e-01 -5.286521837115287781e-02 -2.453426122665405273e-01 1.031784772872924805e+00 -1.301333904266357422e-01 -1.112239286303520203e-01 -7.691372931003570557e-02 -3.345451951026916504e-01 -1.535339206457138062e-01 -2.824687659740447998e-01 1.779264569282531738e+00 -3.155449777841567993e-02 -3.785068094730377197e-01 -3.426225110888481140e-02 4.007713496685028076e-02
6.615940928459167480e-01 -8.691912889480590820e-02 -2.313312590122222900e-01 3.958953022956848145e-01 -1.352988928556442261e-01 -6.496828049421310425e-02 -1.533154249191284180e-01 1.351358592510223389e-01 -1.647379845380783081e-01 6.091784238815307617e-01 4.498498141765594482e-01 7.160918116569519043e-01 -3.292931243777275085e-02 3.658256828784942627e-01 -1.249288097023963928e-01 -1.503062695264816284e-01
-1.091409125365316868e-03 2.386690616607666016e+00 -1.615720055997371674e-02 -1.946832053363323212e-02 2.958141863346099854e-01 -2.557084262371063232e-01 -4.854986071586608887e-02 1.319750249385833740e-01 1.806578755378723145e+00 -1.442093588411808014e-02 -2.193995267152786255e-01 -1.420640498399734497e-01 1.593832015991210938e+00 -6.259323656558990479e-02 -1.271243691444396973e-01 3.889749348163604736e-01
1.325533628463745117e+00 1.108291506767272949e+00 -2.065575867891311646e-01 -2.962550520896911621e-02 1.166206836700439453e+00 -2.584534287452697754e-01 1.783381104469299316e-01 -2.517234683036804199e-01 1.216653466224670410e+00 -2.369109690189361572e-01 3.898623883724212646e-01 -7.603145670145750046e-03 1.363907933235168457e+00 -1.753404587507247925e-01 -1.982951760292053223e-01 -1.490681469440460205e-01
-3.775320053100585938e-01 -8.810825645923614502e-02 2.574440836906433105e-01 -5.066668987274169922e-01 1.831551790237426758e+00 2.869322299957275391e+00 -9.471511095762252808e-02 -3.966920077800750732e-01 -4.786516129970550537e-01 8.981175422668457031e-01 -1.044001951813697815e-01 -1.694559901952743530e-01 -1.004634723067283630e-01 -1.254798471927642822e-01 1.531466126441955566e+00 1.951862335205078125e+00
3.828655481338500977e-01 3.336631953716278076e-01 4.005128145217895508e-01 1.446754932403564453e+00 -4.233820736408233643e-02 2.594306506216526031e-02 1.133792251348495483e-01 -1.170178875327110291e-01 6.501036882400512695e-01 7.947116345167160034e-02 1.292650550603866577e-01 1.040917187929153442e-01 -5.576255545020103455e-02 1.602053195238113403e-01 -1.424113512039184570e-01 -3.274653553962707520e-01
-5.143308043479919434e-01 -2.014104574918746948e-01 -8.925236761569976807e-03 -4.119127690792083740e-01 1.320330142974853516e+00 3.155584335327148438e+00 -1.650435179471969604e-01 -3.037389516830444336e-01 -3.028529882431030273e-01 1.148421287536621094e+00 -1.105514317750930786e-01 -1.845638006925582886e-01 -2.135553359985351562e-01 3.853037022054195404e-03 1.359866499900817871e+00 2.037029504776000977e+00
8.064245581626892090e-01 -1.736801713705062866e-01 -1.604465097188949585e-01 -1.727123558521270752e-01 1.612212538719177246e+00 -2.119049280881881714e-01 -2.994198910892009735e-02 -2.743812203407287598e-01 -2.890712320804595947e-01 -3.302913308143615723e-01 -1.287775635719299316e-01 1.159194827079772949e+00 -3.652738407254219055e-02 -2.947447001934051514e-01 -4.422390088438987732e-02 -8.586370199918746948e-02
-1.124346256256103516e-01 -1.591538637876510620e-01 2.640724778175354004e-01 9.794695377349853516e-01 -6.255426257848739624e-02 3.828749358654022217e-01 -6.512824445962905884e-02 1.045434117317199707e+00 1.743276268243789673e-01 1.253219485282897949e+00 1.395629286766052246e+00 -3.063864409923553467e-01 -1.423812657594680786e-01 -9.218717925250530243e-03 1.442758888006210327e-01 7.670873403549194336e-01
-5.038381554186344147e-03 5.980720520019531250e-01 -1.119024530053138733e-01 -2.073317617177963257e-01 1.961799710988998413e-02 8.688790202140808105e-01 2.448934614658355713e-01 -2.508167624473571777e-01 -4.556482732295989990e-01 5.523992776870727539e-01 -1.366346925497055054e-01 -1.456066686660051346e-02 -2.543061412870883942e-02 -1.566984355449676514e-01 7.959137558937072754e-01 6.455402970314025879e-01
1.304049134254455566e+00 2.601271152496337891e+00 5.055760145187377930e-01 -1.584646254777908325e-01 7.496911287307739258e-01 -4.052565693855285645e-01 -9.994255751371383667e-02 -4.250080138444900513e-02 1.759317636489868164e+00 -4.846463724970817566e-02 -2.290435880422592163e-01 -1.187433004379272461e-01 1.875519633293151855e+00 5.149319767951965332e-03 -1.916501373052597046e-01 3.110806345939636230e-01
-2.586264014244079590e-01 -1.720761954784393311e-01 3.607706427574157715e-01 -4.579611718654632568e-01 1.334703087806701660e+00 2.850939750671386719e+00 -1.272166818380355835e-01 -4.206250607967376709e-01 -2.270292490720748901e-01 7.537851929664611816e-01 -1.473479717969894409e-01 -2.068621665239334106e-01 -1.276773661375045776e-01 -1.789834350347518921e-01 1.097610712051391602e+00 1.454759955406188965e+00
1.077947497367858887e+00 2.425269126892089844e+00 2.041153013706207275e-01 -1.623803824186325073e-01 9.514070749282836914e-01 -4.571534693241119385e-01 -4.501932486891746521e-02 -8.408563584089279175e-02 2.311319589614868164e+00 -5.832168459892272949e-02 -2.603912353515625000e-01 -4.488390311598777771e-02 1.706337213516235352e+00 -5.338506773114204407e-02 -8.106726408004760742e-02 -5.908372998237609863e-02
8.808831870555877686e-02 -1.166023537516593933e-01 -6.528996676206588745e-02 -1.665236204862594604e-01 -3.102381341159343719e-02 9.110457450151443481e-02 -6.577979773283004761e-02 1.078941345214843750e+00 1.966055482625961304e-02 -1.296414900571107864e-02 4.224789142608642578e-01 -1.830939054489135742e-01 -3.054663538932800293e-01 2.973242402076721191e-01 3.658709228038787842e-01 -1.141727492213249207e-01
-4.063980579376220703e-01 -2.462253570556640625e-01 1.141029968857765198e-01 -5.561885833740234375e-01 1.594124794006347656e+00 3.444290161132812500e+00 -3.914868831634521484e-02 -3.566013872623443604e-01 -4.281271398067474365e-01 9.281324148178100586e-01 -7.936856895685195923e-02 -2.281557619571685791e-01 -2.139524072408676147e-01 -1.922497153282165527e-01 1.666306614875793457e+00 1.843050122261047363e+00
5.266733765602111816e-01 -4.461177885532379150e-01 -5.806453898549079895e-02 -2.398285865783691406e-01 -1.147483363747596741e-01 -1.869129985570907593e-01 -1.547472774982452393e-01 1.326480984687805176e+00 2.176258862018585205e-01 2.029672265052795410e-01 1.332534313201904297e+00 -3.784534335136413574e-01 -2.478420585393905640e-01 6.668411493301391602e-01 4.350437223911285400e-01 -1.701114177703857422e-01
-5.459073930978775024e-02 -1.921967715024948120e-01 -6.312900036573410034e-02 -2.152888625860214233e-01 3.501061797142028809e-01 -1.739653795957565308e-01 -1.727868318557739258e-01 1.759951472282409668e+00 5.589694716036319733e-03 -1.581350900232791901e-02 5.339850783348083496e-01 -1.690929979085922241e-01 -2.487815618515014648e-01 1.411344766616821289e+00 -2.054211497306823730e-02 -6.858488172292709351e-02
-5.479201078414916992e-01 2.182074189186096191e-01 -9.382491558790206909e-02 -4.148312509059906006e-01 1.557069420814514160e+00 2.770239591598510742e+00 -7.729925215244293213e-02 -1.236670389771461487e-01 -6.004450917243957520e-01 1.290710687637329102e+00 -7.760024070739746094e-02 -8.634774386882781982e-02 -2.525233924388885498e-01 -9.843868017196655273e-02 1.833346843719482422e+00 2.045248508453369141e+00
1.390162110328674316e+00 2.315142393112182617e+00 4.031438007950782776e-02 -2.175653427839279175e-01 5.402655601501464844e-01 -4.017369449138641357e-01 -1.161063089966773987e-01 1.549517065286636353e-01 1.910323977470397949e+00 -2.595497108995914459e-02 -2.211540192365646362e-01 -1.572357118129730225e-01 1.733263611793518066e+00 -1.600472256541252136e-02 -1.156932637095451355e-01 -5.454335361719131470e-02
