5.608180165290832520e-01 1.316155433654785156e+00 -1.433108150959014893e-01 9.838194847106933594e-01 -8.382859081029891968e-02 9.967769384384155273e-01 -5.343065410852432251e-02 7.682996988296508789e-02 -1.332937330007553101e-01 1.134737491607666016e+00 -6.306216865777969360e-02 -1.313512474298477173e-01 -1.325181573629379272e-01 8.042441606521606445e-01 -7.590499520301818848e-02 1.234210371971130371e+00
5.647651553153991699e-01 1.304419279098510742e+00 -1.459816694259643555e-01 9.775114059448242188e-01 -8.169718086719512939e-02 1.017349123954772949e+00 -5.239733681082725525e-02 7.430496811866760254e-02 -1.303073912858963013e-01 1.128271341323852539e+00 -5.831961706280708313e-02 -1.317285448312759399e-01 -1.327646523714065552e-01 8.240848779678344727e-01 -7.328968495130538940e-02 1.229667425155639648e+00
5.623019337654113770e-01 1.300223588943481445e+00 -1.444138139486312866e-01 9.815738797187805176e-01 -8.290018886327743530e-02 1.020410656929016113e+00 -5.171923711895942688e-02 7.427281141281127930e-02 -1.302651464939117432e-01 1.122541427612304688e+00 -5.841140821576118469e-02 -1.313145011663436890e-01 -1.325049698352813721e-01 8.273713588714599609e-01 -7.335443049669265747e-02 1.228279590606689453e+00
5.433793663978576660e-01 1.313765764236450195e+00 -1.450018137693405151e-01 9.857740402221679688e-01 -8.451490849256515503e-02 1.007708072662353516e+00 -5.836385488510131836e-02 9.024620056152343750e-02 -1.292212903499603271e-01 1.127851247787475586e+00 -6.031346321105957031e-02 -1.288480460643768311e-01 -1.315267831087112427e-01 8.042219877243041992e-01 -7.783371955156326294e-02 1.228010892868041992e+00
5.442983508110046387e-01 1.317569136619567871e+00 -1.434460878372192383e-01 9.910910129547119141e-01 -8.561918884515762329e-02 1.001079082489013672e+00 -5.620096996426582336e-02 8.944374322891235352e-02 -1.283843368291854858e-01 1.121228933334350586e+00 -6.314247101545333862e-02 -1.287422180175781250e-01 -1.307435333728790283e-01 7.997047901153564453e-01 -7.785972952842712402e-02 1.230957269668579102e+00
5.534393191337585449e-01 1.315553903579711914e+00 -1.453557312488555908e-01 9.839645028114318848e-01 -8.534353226423263550e-02 1.000756740570068359e+00 -5.715950950980186462e-02 7.999411225318908691e-02 -1.314457505941390991e-01 1.137432217597961426e+00 -6.118335947394371033e-02 -1.307384818792343140e-01 -1.336152404546737671e-01 8.101502656936645508e-01 -7.640507072210311890e-02 1.228694438934326172e+00
5.565638542175292969e-01 1.305086731910705566e+00 -1.450912207365036011e-01 9.841095209121704102e-01 -8.450503647327423096e-02 1.017683267593383789e+00 -5.255375057458877563e-02 7.909128069877624512e-02 -1.258229911327362061e-01 1.127680063247680664e+00 -6.299147754907608032e-02 -1.289171427488327026e-01 -1.321549415588378906e-01 8.173143863677978516e-01 -7.353078573942184448e-02 1.229767560958862305e+00
5.606061220169067383e-01 1.306629180908203125e+00 -1.442284137010574341e-01 9.751945137977600098e-01 -8.163096755743026733e-02 1.022968649864196777e+00 -5.062500387430191040e-02 8.104693889617919922e-02 -1.297741383314132690e-01 1.121495604515075684e+00 -6.017863750457763672e-02 -1.311597228050231934e-01 -1.315208971500396729e-01 8.149349689483642578e-01 -7.446545362472534180e-02 1.232628345489501953e+00
5.633083581924438477e-01 1.311158299446105957e+00 -1.451793015003204346e-01 9.760308265686035156e-01 -8.360274136066436768e-02 1.002411365509033203e+00 -5.443735048174858093e-02 7.456329464912414551e-02 -1.334865540266036987e-01 1.144226789474487305e+00 -6.110477447509765625e-02 -1.319713443517684937e-01 -1.342859268188476562e-01 8.209067583084106445e-01 -7.317173480987548828e-02 1.232470393180847168e+00
-1.058976203203201294e-01 1.377743244171142578e+00 1.087263345718383789e+00 6.452819108963012695e-01 -6.847000122070312500e-02 3.050104618072509766e+00 9.379640817642211914e-01 -8.615707606077194214e-02 -2.774820327758789062e-01 6.428435444831848145e-04 -2.287512272596359253e-01 -2.588234543800354004e-01 -2.087909281253814697e-01 2.726970672607421875e+00 3.388502299785614014e-01 1.492115855216979980e+00
-3.104507923126220703e-02 -9.674882143735885620e-02 1.924447774887084961e+00 -9.577014297246932983e-02 1.144096136093139648e+00 1.903305888175964355e+00 1.748188972473144531e+00 -5.790816619992256165e-02 -2.705361880362033844e-02 -1.748217791318893433e-01 -2.171223163604736328e-01 -1.380706876516342163e-01 -3.105297125875949860e-02 7.024294137954711914e-01 1.107689619064331055e+00 4.035223424434661865e-01
2.543959021568298340e-01 -1.686581820249557495e-01 1.260030031204223633e+00 -9.608075767755508423e-02 1.359860181808471680e+00 9.083585739135742188e-01 2.050032854080200195e+00 -7.271391153335571289e-02 2.921213209629058838e-01 -1.944796293973922729e-01 -1.665954887866973877e-01 -8.741720765829086304e-02 -6.394630670547485352e-02 3.033644855022430420e-01 1.671167373657226562e+00 -2.377878502011299133e-02
8.709617853164672852e-01 -2.079806327819824219e-01 1.010187506675720215e+00 -5.882883071899414062e-02 1.634043931961059570e+00 1.455479860305786133e-02 2.126923084259033203e+00 -1.735448688268661499e-01 1.574811339378356934e-02 -1.861004382371902466e-01 -3.275504335761070251e-02 -1.073003560304641724e-01 -1.060404106974601746e-01 -1.530103571712970734e-02 2.244718790054321289e+00 -9.018351882696151733e-02
1.365552306175231934e+00 -1.912106573581695557e-01 7.233824729919433594e-01 5.777853727340698242e-02 1.966527342796325684e+00 -1.483082324266433716e-01 2.212970733642578125e+00 -2.562514245510101318e-01 -6.899411976337432861e-02 -1.981086581945419312e-01 6.991339921951293945e-01 -1.349328607320785522e-01 -1.443474292755126953e-01 -7.929032295942306519e-02 2.453257322311401367e+00 -1.585556715726852417e-01
1.781588554382324219e+00 -1.467274427413940430e-01 3.594421148300170898e-01 3.791522979736328125e-01 2.203809738159179688e+00 -2.508270442485809326e-01 2.027450799942016602e+00 -3.237738609313964844e-01 -1.322100758552551270e-01 -1.938353180885314941e-01 1.275704026222229004e+00 -1.491608470678329468e-01 -1.666606217622756958e-01 -1.204253956675529480e-01 2.389050483703613281e+00 -1.928351372480392456e-01
1.986775398254394531e+00 -8.634806424379348755e-02 2.080380916595458984e-03 4.216766059398651123e-01 2.209769725799560547e+00 -2.859361469745635986e-01 1.587884426116943359e+00 -3.112900555133819580e-01 -1.362770199775695801e-01 -1.399358510971069336e-01 1.824049472808837891e+00 -1.339036822319030762e-01 -1.459495872259140015e-01 -1.627503186464309692e-01 1.981657147407531738e+00 -1.638720035552978516e-01
1.932863235473632812e+00 -8.709590882062911987e-02 -2.390759624540805817e-02 6.641503572463989258e-01 1.927881002426147461e+00 -2.078167498111724854e-01 1.041879177093505859e+00 -2.620747983455657959e-01 -1.076712384819984436e-01 -9.979012422263622284e-03 2.277248859405517578e+00 -8.632077276706695557e-02 -1.302815675735473633e-01 -1.563810557126998901e-01 1.003176331520080566e+00 -7.799731940031051636e-02
1.694226026535034180e+00 -8.157270401716232300e-02 -9.926825761795043945e-03 9.245997071266174316e-01 1.470723867416381836e+00 -1.094013229012489319e-01 4.743161797523498535e-01 -2.037506848573684692e-01 -1.168242096900939941e-01 6.051953434944152832e-01 2.689966917037963867e+00 -6.718236207962036133e-02 -1.039690524339675903e-01 -1.045215129852294922e-01 1.126665472984313965e-01 -6.901204586029052734e-03
8.382369279861450195e-01 -1.333022862672805786e-01 7.341876029968261719e-01 7.411028146743774414e-01 1.217215299606323242e+00 -9.290712326765060425e-02 -1.229326706379652023e-02 -1.239864230155944824e-01 -1.161290332674980164e-01 8.791109323501586914e-01 2.808484315872192383e+00 -1.568379811942577362e-02 -1.640664413571357727e-02 -1.129651218652725220e-01 -9.449512511491775513e-02 -1.606699265539646149e-02
2.895510196685791016e-02 -1.892764568328857422e-01 1.631846308708190918e+00 3.665423393249511719e-02 1.068999648094177246e+00 -1.218936219811439514e-01 -7.006448507308959961e-02 -3.719193860888481140e-02 -7.200165092945098877e-02 7.868208289146423340e-01 2.560991287231445312e+00 9.530252963304519653e-02 5.706875324249267578e-01 -1.474651545286178589e-01 -1.427227258682250977e-01 -4.478373751044273376e-02
-4.116590619087219238e-01 -1.409109681844711304e-01 2.950801849365234375e+00 -2.829711139202117920e-01 -7.051251083612442017e-02 -6.201222166419029236e-02 -1.567200869321823120e-01 8.714818954467773438e-01 -1.835393952205777168e-03 -1.614392697811126709e-01 -1.938420534133911133e-01 1.972244679927825928e-01 3.052979469299316406e+00 -1.066748499870300293e-01 -1.751264780759811401e-01 -1.828900538384914398e-02
-1.617216616868972778e-01 -9.663037955760955811e-02 -8.823852241039276123e-02 -1.962242424488067627e-01 -1.081249713897705078e-01 -9.932710975408554077e-02 -9.322420507669448853e-02 1.264020919799804688e+00 1.797421693801879883e+00 -1.512372493743896484e-01 -3.148965910077095032e-02 1.381333589553833008e+00 1.362800121307373047e+00 -1.154424324631690979e-01 -1.409378349781036377e-01 -1.732282936573028564e-01
-1.646934598684310913e-01 -1.047600507736206055e-01 -8.473848551511764526e-02 -2.053761035203933716e-01 -1.059808060526847839e-01 -1.059544607996940613e-01 -9.013506025075912476e-02 1.250918626785278320e+00 1.791046619415283203e+00 -1.535494625568389893e-01 -2.594144456088542938e-02 1.384724736213684082e+00 1.358713388442993164e+00 -1.172406002879142761e-01 -1.376562863588333130e-01 -1.814463138580322266e-01
-1.632909327745437622e-01 -1.011758819222450256e-01 -8.813594281673431396e-02 -2.009695619344711304e-01 -1.080166324973106384e-01 -1.051370128989219666e-01 -9.237550944089889526e-02 1.254774570465087891e+00 1.800486803054809570e+00 -1.534201651811599731e-01 -2.626817300915718079e-02 1.390812635421752930e+00 1.353483080863952637e+00 -1.157593056559562683e-01 -1.397696584463119507e-01 -1.795620024204254150e-01
-1.602148264646530151e-01 -8.912604302167892456e-02 -8.879376202821731567e-02 -1.880598068237304688e-01 -1.104032322764396667e-01 -9.855830669403076172e-02 -9.829183667898178101e-02 1.276808977127075195e+00 1.783203363418579102e+00 -1.543904244899749756e-01 -4.234011098742485046e-02 1.362150430679321289e+00 1.384094476699829102e+00 -1.157916560769081116e-01 -1.420536339282989502e-01 -1.686722040176391602e-01
-1.641476005315780640e-01 -1.044106259942054749e-01 -8.499186486005783081e-02 -2.019178867340087891e-01 -1.069169789552688599e-01 -1.043630614876747131e-01 -8.871809393167495728e-02 1.250543236732482910e+00 1.797622442245483398e+00 -1.537862122058868408e-01 -2.582809887826442719e-02 1.394117474555969238e+00 1.353862285614013672e+00 -1.152675375342369080e-01 -1.382195502519607544e-01 -1.807068437337875366e-01
-1.596643030643463135e-01 -9.529634565114974976e-02 -8.833174407482147217e-02 -1.948782056570053101e-01 -1.101572737097740173e-01 -1.015177294611930847e-01 -9.780684858560562134e-02 1.265365123748779297e+00 1.793638706207275391e+00 -1.525226533412933350e-01 -3.307829052209854126e-02 1.379509925842285156e+00 1.369492173194885254e+00 -1.174916028976440430e-01 -1.418928354978561401e-01 -1.739871799945831299e-01
-1.638100892305374146e-01 -1.067868024110794067e-01 -8.526625484228134155e-02 -2.032765895128250122e-01 -1.077773347496986389e-01 -1.011781468987464905e-01 -9.171787649393081665e-02 1.248449802398681641e+00 1.796816349029541016e+00 -1.496074795722961426e-01 -1.894934289157390594e-02 1.398071885108947754e+00 1.352354764938354492e+00 -1.141915544867515564e-01 -1.431923657655715942e-01 -1.773346960544586182e-01
-1.629798859357833862e-01 -9.945514053106307983e-02 -8.455785363912582397e-02 -1.965718120336532593e-01 -1.066907197237014771e-01 -1.031215935945510864e-01 -9.055920690298080444e-02 1.256011962890625000e+00 1.794030666351318359e+00 -1.553038358688354492e-01 -2.758391015231609344e-02 1.385827302932739258e+00 1.360183000564575195e+00 -1.163667812943458557e-01 -1.392514556646347046e-01 -1.772922724485397339e-01
-1.633091717958450317e-01 -1.042337939143180847e-01 -8.153115212917327881e-02 -2.019950449466705322e-01 -1.049840971827507019e-01 -1.034596189856529236e-01 -9.139017015695571899e-02 1.245701074600219727e+00 1.790786981582641602e+00 -1.517459750175476074e-01 -1.889531686902046204e-02 1.384308695793151855e+00 1.360937118530273438e+00 -1.166367307305335999e-01 -1.408339440822601318e-01 -1.766324490308761597e-01
