0 7
1 77
2 29
3 50
4 3
5 35
6 9
7 84
8 25
9 82
10 6
11 28
12 64
13 51
14 108
15 74
16 19
17 4
18 2
19 56
20 24
21 66
22 23
23 26
24 30
25 10
26 61
27 65
28 53
29 0
30 15
31 45
32 87
33 52
34 106
35 70
36 58
37 130
38 98
39 103
40 80
41 36
42 40
43 27
44 123
45 1
46 54
47 5
48 96
49 127
50 120
51 55
52 79
53 67
54 75
55 69
56 39
57 41
58 49
59 71
60 31
61 46
62 57
63 34
64 97
65 18
66 124
67 43
68 91
69 38
70 42
71 22
72 94
73 48
74 117
75 37
76 68
77 47
78 63
79 83
80 21
81 8
82 121
83 20
84 60
85 33
86 112
87 129
88 125
89 78
90 90
91 17
92 32
93 44
94 122
95 126
96 95
97 128
98 101
99 13
100 92
101 102
102 110
103 88
104 62
105 99
106 89
107 72
108 93
109 85
110 76
111 113
112 81
113 107
114 105
115 59
116 16
117 119
118 11
119 86
120 111
121 73
122 115
123 104
124 116
125 100
126 14
127 109
128 114
129 12
130 118
