0 252
1 36
2 57
3 50
4 43
5 3
6 90
7 42
8 143
9 147
10 33
11 204
12 22
13 133
14 30
15 9
16 0
17 85
18 184
19 26
20 355
21 19
22 63
23 52
24 17
25 146
26 113
27 37
28 156
29 119
30 341
31 61
32 65
33 11
34 179
35 155
36 38
37 216
38 56
39 131
40 49
41 192
42 141
43 88
44 94
45 18
46 107
47 79
48 292
49 40
50 4
51 154
52 20
53 46
54 103
55 27
56 130
57 13
58 7
59 83
60 23
61 69
62 73
63 45
64 173
65 122
66 106
67 47
68 96
69 25
70 82
71 196
72 60
73 67
74 125
75 99
76 54
77 58
78 44
79 138
80 68
81 266
82 105
83 15
84 34
85 21
86 162
87 111
88 280
89 158
90 87
91 24
92 77
93 161
94 53
95 110
96 114
97 41
98 6
99 66
100 55
101 142
102 115
103 270
104 213
105 75
106 51
107 364
108 101
109 165
110 279
111 12
112 84
113 70
114 198
115 74
116 168
117 247
118 182
119 126
120 340
121 339
122 197
123 163
124 183
125 352
126 16
127 116
128 244
129 102
130 391
131 135
132 139
133 35
134 72
135 78
136 172
137 134
138 117
139 120
140 91
141 8
142 108
143 80
144 29
145 214
146 274
147 32
148 132
149 136
150 14
151 5
152 189
153 317
154 221
155 64
156 212
157 100
158 178
159 259
160 237
161 121
162 174
163 201
164 330
165 314
166 140
167 159
168 98
169 253
170 92
171 200
172 239
173 39
174 157
175 129
176 380
177 194
178 112
179 284
180 89
181 86
182 193
183 327
184 170
185 169
186 175
187 151
188 377
189 231
190 305
191 153
192 104
193 177
194 81
195 210
196 31
197 243
198 185
199 191
200 208
201 228
202 109
203 28
204 10
205 62
206 354
207 245
208 150
209 187
210 356
211 333
212 171
213 265
214 148
215 322
216 303
217 167
218 273
219 268
220 376
221 59
222 206
223 230
224 149
225 286
226 195
227 181
228 71
229 271
230 309
231 190
232 298
233 95
234 118
235 306
236 211
237 291
238 48
239 2
240 262
241 205
242 346
243 312
244 275
245 316
246 344
247 222
248 207
249 310
250 248
251 186
252 334
253 392
254 188
255 287
256 1
257 336
258 236
259 387
260 246
261 325
262 299
263 370
264 76
265 318
266 240
267 307
268 374
269 383
270 227
271 249
272 282
273 215
274 389
275 137
276 145
277 202
278 97
279 311
280 308
281 123
282 160
283 363
284 235
285 254
286 390
287 209
288 93
289 199
290 144
291 218
292 358
293 349
294 152
295 220
296 348
297 398
298 337
299 261
300 386
301 301
302 277
303 366
304 360
305 233
306 276
307 373
308 258
309 372
310 124
311 242
312 166
313 328
314 313
315 323
316 255
317 224
318 361
319 326
320 335
321 219
322 320
323 338
324 285
325 267
326 347
327 394
328 234
329 345
330 232
331 300
332 294
333 351
334 367
335 241
336 281
337 304
338 382
339 257
340 229
341 388
342 365
343 128
344 278
345 350
346 353
347 324
348 362
349 302
350 164
351 319
352 272
353 217
354 263
355 381
356 283
357 342
358 379
359 378
360 226
361 315
362 288
363 264
364 332
365 256
366 375
367 250
368 297
369 238
370 203
371 329
372 251
373 395
374 384
375 343
376 180
377 290
378 368
379 176
380 369
381 127
382 295
383 269
384 225
385 321
386 293
387 289
388 357
389 223
390 371
391 396
392 385
393 260
394 359
395 393
396 296
397 331
398 397
