0 436
1 428
2 450
3 531
4 538
5 404
6 565
7 412
8 471
9 461
10 544
11 414
12 465
13 546
14 547
15 475
16 446
17 536
18 398
19 367
20 452
21 560
22 493
23 361
24 359
25 402
26 520
27 567
28 542
29 510
30 521
31 559
32 557
33 376
34 555
35 500
36 469
37 516
38 378
39 482
40 418
41 506
42 514
43 545
44 525
45 484
46 492
47 479
48 373
49 483
50 173
51 549
52 460
53 517
54 395
55 370
56 396
57 416
58 368
59 503
60 423
61 457
62 477
63 524
64 364
65 441
66 400
67 548
68 515
69 434
70 496
71 382
72 474
73 451
74 409
75 526
76 363
77 371
78 420
79 432
80 448
81 563
82 508
83 440
84 444
85 523
86 561
87 365
88 507
89 397
90 439
91 497
92 513
93 387
94 408
95 512
96 394
97 419
98 527
99 443
100 453
101 403
102 504
103 422
104 413
105 495
106 553
107 458
108 426
109 540
110 470
111 519
112 511
113 556
114 558
115 372
116 392
117 445
118 417
119 566
120 353
121 490
122 464
123 552
124 488
125 374
126 476
127 533
128 355
129 463
130 388
131 438
132 442
133 375
134 491
135 354
136 543
137 456
138 455
139 366
140 467
141 572
142 539
143 424
144 537
145 391
146 425
147 360
148 421
149 430
150 427
151 407
152 357
153 568
154 405
155 473
156 431
157 350
158 369
159 466
160 429
161 551
162 381
163 410
164 486
165 459
166 487
167 569
168 494
169 481
170 502
171 570
172 362
173 198
174 399
175 352
176 489
177 389
178 501
179 564
180 454
181 351
182 435
183 437
184 528
185 518
186 380
187 390
188 462
189 532
190 498
191 509
192 554
193 449
194 541
195 415
196 571
197 480
198 468
199 406
200 505
201 433
202 478
203 349
204 535
205 385
206 534
207 562
208 529
209 522
210 485
211 34
212 356
213 411
214 384
215 393
216 530
217 472
218 386
219 499
220 379
221 401
222 377
223 383
