0 12343
1 12129
2 13277
3 11996
4 13796
5 13476
6 15061
7 14559
8 14314
9 12889
10 13029
11 11726
12 10868
13 10599
14 14685
15 12953
16 13772
17 13303
18 14711
19 11423
20 10155
21 14679
22 13232
23 15618
24 12892
25 13203
26 10397
27 14057
28 11298
29 14856
30 12704
31 11259
32 11027
33 14534
34 11097
35 11842
36 10540
37 12992
38 12191
39 11537
40 11193
41 11146
42 11503
43 13198
44 10800
45 13495
46 13487
47 14050
48 13230
49 11057
50 14100
51 11540
52 10279
53 13486
54 11292
55 12278
56 11867
57 10994
58 10693
59 13342
60 11042
61 13264
62 11563
63 16091
64 14512
65 14747
66 14027
67 12478
68 13667
69 12197
70 11697
71 13461
72 12448
73 11973
74 11986
75 14814
76 15257
77 10299
78 13367
79 12544
80 11711
81 10272
82 15374
83 13244
84 14082
85 10408
86 14869
87 11233
88 14307
89 14259
90 13851
91 13710
92 12264
93 12222
94 14107
95 13341
96 15249
97 13196
98 11028
99 15356
100 15841
101 14828
102 14898
103 14805
104 12822
105 15167
106 11493
107 12397
108 14321
109 15153
110 10792
111 10577
112 15295
113 10819
114 10529
115 14081
116 10463
117 14761
118 14683
119 12173
120 14843
121 12339
122 13830
123 13891
124 10559
125 14130
126 12831
127 13541
128 11823
129 10721
130 10713
131 14633
132 10965
133 12915
134 10257
135 13485
136 10590
137 15016
138 11106
139 11013
140 11789
141 10781
142 10140
143 11481
144 13871
145 10136
146 13290
147 13422
148 11066
149 15601
150 11638
151 14696
152 13052
153 11603
154 14122
155 12323
156 14908
157 15741
158 12253
159 11865
160 13930
161 11174
162 12884
163 14282
164 12851
165 14831
166 13158
167 14771
168 12721
169 10170
170 12389
171 15502
172 15376
173 15024
174 12451
175 12217
176 11086
177 15096
178 12348
179 14627
180 10416
181 14635
182 12898
183 15919
184 12755
185 11618
186 10849
187 11637
188 10409
189 14119
190 12638
191 14092
192 15862
193 13770
194 14255
195 12587
196 10785
197 11109
198 11617
199 11267
200 14853
201 14730
202 14492
203 13795
204 14574
205 11433
206 11337
207 10631
208 11445
209 10926
210 10996
211 14797
212 12175
213 10154
214 11775
215 13873
216 10139
217 14477
218 13002
219 11721
220 13256
221 11995
222 10158
223 11278
224 11577
225 12878
226 10298
227 14108
228 15370
229 13061
230 12917
231 10683
232 11884
233 14588
234 10194
235 14524
236 11450
237 15887
238 14689
239 13121
240 13535
241 11899
242 10933
243 12945
244 14792
245 14577
246 10434
247 10165
248 13931
249 12676
250 12896
251 11921
252 10056
253 12394
254 12244
255 11764
256 10466
257 15043
258 10747
259 11067
260 12324
261 11550
262 12853
263 10304
264 12007
265 13087
266 11982
267 14112
268 10874
269 15879
270 10676
271 13377
272 10268
273 14893
274 12003
275 10666
276 15579
277 11844
278 13360
279 11977
280 13964
281 12280
282 10185
283 13105
284 14670
285 16133
286 11111
287 12719
288 15304
289 10216
290 11252
291 13832
292 10141
293 10643
294 15380
295 14570
296 10581
297 14576
298 10731
299 10208
300 14252
301 14288
302 14952
303 11898
304 14895
305 11630
306 11615
307 10754
308 10247
309 14262
310 11411
311 11648
312 11441
313 10821
314 14150
315 10423
316 14987
317 15085
318 12807
319 15412
320 16680
321 11484
322 14306
323 11003
324 14098
325 10431
326 10980
327 10775
328 15074
329 10779
330 11049
331 13241
332 12758
333 11790
334 13898
335 14273
336 11336
337 13139
338 12266
339 12441
340 14716
341 15054
342 12228
343 15027
344 15798
345 11492
346 11588
347 11140
348 12549
349 12124
350 12390
351 13464
352 15048
353 10627
354 12523
355 10886
356 11165
357 14875
358 14905
359 11612
360 14942
361 12184
362 10732
363 10815
364 12819
365 15626
366 11126
367 11456
368 16704
369 14553
370 11076
371 14744
372 11695
373 12728
374 12610
375 14004
376 14193
377 12748
378 10245
379 10327
380 15385
381 13127
382 15339
383 11280
384 12087
385 14234
386 15634
387 14539
388 13296
389 12314
390 13884
391 10558
392 13577
393 13434
394 10551
395 15325
396 10225
397 13415
398 10990
399 13655
400 10329
401 11941
402 12320
403 13958
404 10620
405 14131
406 12055
407 14783
408 10372
409 12094
410 15448
411 15478
412 11953
413 14709
414 11778
415 13933
416 13204
417 12934
418 12635
419 11511
420 11203
421 14487
422 15389
423 12294
424 11531
425 14877
426 15422
427 13579
428 12779
429 10557
430 15293
431 15163
432 15855
433 12737
434 16603
435 11669
436 11415
437 10654
438 16479
439 14256
440 14113
441 12772
442 10243
443 12954
444 11980
445 12156
446 12769
447 13076
448 14960
449 12891
450 14013
451 15825
452 10778
453 12391
454 10333
455 10135
456 14102
457 10640
458 15070
459 11122
460 10349
461 12141
462 14400
463 14919
464 11241
465 13388
466 10478
467 11510
468 13942
469 13731
470 10661
471 12671
472 12321
473 15794
474 13184
475 16567
476 14738
477 11123
478 13619
479 12888
480 14489
481 11931
482 15569
483 10184
484 10171
485 13459
486 12206
487 12844
488 10322
489 12147
490 11870
491 15069
492 11447
493 13682
494 11555
495 11150
496 15554
497 11719
498 16540
499 14275
500 11376
501 13151
502 13970
503 12559
504 11176
505 11728
506 15045
507 11344
508 16101
509 12902
510 10739
511 12782
512 10053
513 16498
514 10469
515 12641
516 15721
517 10999
518 15861
519 13806
520 11961
521 10647
522 12223
523 15656
524 15624
525 15245
526 14457
527 14804
528 13347
529 13768
530 12365
531 10414
532 15049
533 10685
534 11375
535 10923
536 12268
537 14672
538 13282
539 13297
540 13433
541 12899
542 11468
543 15709
544 12363
545 11214
546 14557
547 13700
548 14474
549 12615
550 13397
551 12108
552 11525
553 14530
554 15323
555 11506
556 13502
557 11517
558 14320
559 15700
560 13894
561 14718
562 15057
563 14006
564 10347
565 12784
566 12932
567 14109
568 14430
569 14197
570 12720
571 10325
572 11085
573 11308
574 10146
575 14088
576 12519
577 10405
578 13295
579 11643
580 14447
581 10561
582 14802
583 12265
584 12882
585 16218
586 10313
587 15582
588 13369
589 13540
590 11762
591 10041
592 12633
593 13344
594 13936
595 16429
596 15570
597 16520
598 14646
599 15785
600 14125
601 11624
602 13767
603 13704
604 11227
605 10348
606 10630
607 15481
608 13934
609 14816
610 11871
611 14986
612 14880
613 15248
614 11535
615 15020
616 16454
617 12235
618 12214
619 15344
620 15713
621 12709
622 15411
623 13788
624 15628
625 16543
626 10198
627 15282
628 11756
629 12185
630 10744
631 11845
632 12307
633 15708
634 15707
635 12982
636 14295
637 11646
638 14467
639 11538
640 11952
641 12250
642 11885
643 15458
644 13809
645 14712
646 11833
647 16739
648 12574
649 14691
650 13890
651 10385
652 10065
653 12653
654 13046
655 14698
656 14656
657 11641
658 11834
659 14493
660 15236
661 11245
662 10838
663 12868
664 14468
665 14268
666 15447
667 11188
668 12956
669 15171
670 12866
671 13450
672 15532
673 11399
674 12412
675 15160
676 14303
677 14628
678 15041
679 11098
680 10910
681 11883
682 11908
683 11905
684 11559
685 12195
686 11869
687 13211
688 15023
689 14794
690 13629
691 10396
692 15882
693 16428
694 14674
695 13109
696 11288
697 13398
698 11675
699 16721
700 15093
701 11827
702 12598
703 15250
704 10172
705 10589
706 13034
707 15124
708 16709
709 14182
710 12392
711 11331
712 12511
713 11587
714 13125
715 13008
716 16654
717 12652
718 12492
719 14397
720 13714
721 13307
722 11058
723 15310
724 12951
725 15511
726 13348
727 14842
728 12708
729 11994
730 14231
731 13418
732 10476
733 15504
734 14485
735 12370
736 11007
737 10241
738 16665
739 15177
740 12171
741 14332
742 16340
743 12119
744 10728
745 11495
746 14025
747 11699
748 10562
749 15842
750 15011
751 13829
752 13983
753 12263
754 14871
755 13785
756 11367
757 15754
758 12815
759 11092
760 11392
761 11714
762 13292
763 13507
764 10687
765 14736
766 12591
767 10770
768 15086
769 13674
770 14167
771 10917
772 13072
773 11938
774 11512
775 14938
776 14412
777 16681
778 12916
779 15381
780 10615
781 13827
782 10613
783 13259
784 13693
785 16730
786 10033
787 14520
788 12335
789 13947
790 16553
791 11470
792 14120
793 13032
794 13587
795 16353
796 12841
797 11413
798 15853
799 11825
800 15203
801 12388
802 14996
803 14863
804 13467
805 15275
806 15278
807 11421
808 13715
809 11725
810 11997
811 11522
812 10930
813 11317
814 15725
815 12155
816 14582
817 12016
818 12211
819 11619
820 15008
821 16727
822 13987
823 12855
824 14745
825 15525
826 10204
827 15930
828 13111
829 14054
830 12103
831 13117
832 10017
833 14533
834 12455
835 16363
836 16743
837 12131
838 10670
839 12255
840 14572
841 11471
842 12663
843 14475
844 16647
845 14222
846 12944
847 13543
848 16731
849 14704
850 11041
851 12039
852 15440
853 10157
854 15650
855 10011
856 13182
857 10460
858 13546
859 14236
860 11479
861 13200
862 14062
863 12018
864 12315
865 15401
866 12553
867 12132
868 14819
869 10783
870 16345
871 11274
872 10016
873 10380
874 13077
875 13676
876 13520
877 12436
878 10617
879 15991
880 10925
881 16311
882 16715
883 11050
884 11283
885 12622
886 15215
887 15446
888 14254
889 13949
890 15838
891 16736
892 13484
893 11650
894 11463
895 16725
896 12332
897 12494
898 12576
899 12207
900 15856
901 15497
902 13984
903 16634
904 13490
905 12599
906 12621
907 15581
908 14955
909 13194
910 13255
911 12297
912 10076
913 14229
914 13865
915 10950
916 15539
917 10569
918 11656
919 12771
920 12955
921 12745
922 12177
923 13504
924 14237
925 13361
926 15273
927 13555
928 11487
929 12869
930 10535
931 15232
932 13219
933 13501
934 10005
935 15454
936 13862
937 12705
938 11002
939 12854
940 15090
941 13226
942 15546
943 14371
944 12965
945 12174
946 12149
947 13003
948 11453
949 10237
950 10982
951 14648
952 13826
953 13424
954 13863
955 14769
956 13055
957 15550
958 15973
959 13763
960 13771
961 13195
962 16588
963 14618
964 11200
965 10361
966 16651
967 14435
968 12649
969 11813
970 11592
971 11992
972 13564
973 11924
974 11053
975 12012
976 10006
977 15982
978 14270
979 12402
980 10050
981 13899
982 15427
983 15793
984 15731
985 15472
986 15607
987 11879
988 13024
989 13505
990 10221
991 12190
992 12773
993 15934
994 11659
995 10817
996 16728
997 16682
998 14046
999 10039
1000 12252
1001 16729
1002 14543
1003 13381
1004 14993
1005 16339
1006 13246
1007 15138
1008 15706
1009 10927
1010 10511
1011 13781
1012 11198
1013 14283
1014 15406
1015 12983
1016 15063
1017 11663
1018 13881
1019 14028
1020 16696
1021 11975
1022 11430
1023 10400
1024 16668
1025 14965
1026 13463
1027 11388
1028 16390
1029 12187
1030 11315
1031 10324
1032 15010
1033 15847
1034 10938
1035 12743
1036 15881
1037 10918
1038 11732
1039 16742
1040 10267
1041 15030
1042 11036
1043 16724
1044 13791
1045 13599
1046 13221
1047 15091
1048 10085
1049 14812
1050 11673
1051 16741
1052 15971
1053 12028
1054 14551
1055 13630
1056 16723
1057 11545
1058 12078
1059 13736
1060 16441
1061 15012
1062 14424
1063 14785
1064 13525
1065 10945
1066 12134
1067 11947
1068 10946
1069 16643
1070 10278
1071 16720
1072 15051
1073 12484
1074 16527
1075 15843
1076 14617
1077 10040
1078 11627
1079 12232
1080 12571
1081 13689
1082 12583
1083 10052
1084 10857
1085 16746
1086 14044
1087 11720
1088 14751
1089 15939
1090 16710
1091 11299
1092 13192
1093 12870
1094 13536
1095 13574
1096 10543
1097 13115
1098 14750
1099 14601
1100 14922
1101 10224
1102 14972
1103 13493
1104 11824
1105 10015
1106 16515
1107 12245
1108 10419
1109 11431
1110 14218
1111 15108
1112 11135
1113 12883
1114 15235
1115 14024
1116 14855
1117 13016
1118 10275
1119 11230
1120 13756
1121 10961
1122 15774
1123 13685
1124 12857
1125 14091
1126 13537
1127 11856
1128 14630
1129 11282
1130 11341
1131 15154
1132 16463
1133 15534
1134 13389
1135 14897
1136 15433
1137 14488
1138 14706
1139 11684
1140 16738
1141 16737
1142 16584
1143 16744
1144 13044
1145 15548
1146 11401
1147 11633
1148 11840
1149 10967
1150 10064
1151 16336
1152 14695
1153 12774
1154 11391
1155 14943
1156 14944
1157 16581
1158 14992
1159 14945
1160 16698
1161 10042
1162 13176
1163 11702
1164 10715
1165 13841
1166 11197
1167 12375
1168 14565
1169 12847
1170 11859
1171 15231
1172 12785
1173 15897
1174 12079
1175 12054
1176 15885
1177 12068
1178 10317
1179 16722
1180 12127
1181 10424
1182 10030
1183 14778
1184 16346
1185 12947
1186 14542
1187 14470
1188 15599
1189 11828
